FCC21WPACXX:1:1101:6749:2644#GAGGTTCA/1	SPIRO45_P639658432	58.1	31	13	0	94	2	125	155	9.4e-05	40.4
FCC21WPACXX:1:1101:7253:2882#GAGGTTCA/1	BETA273_P641670802	84.8	33	5	0	2	100	59	91	2.6e-10	58.9
FCC21WPACXX:1:1101:7320:2902#GAGGTTCA/1	P640568123	53.1	32	15	0	4	99	76	107	1.1e-05	43.5
FCC21WPACXX:1:1101:15035:3052#GAGGTTCA/1	DELTA98_P641344996	84.4	32	5	0	3	98	123	154	8.5e-11	60.5
FCC21WPACXX:1:1101:18467:1932#GAGGTTCA/1	CYANO476_C642603343	85.7	21	3	0	2	64	158	178	9.4e-05	40.4
FCC21WPACXX:1:1101:2133:2197#GAGGTTCA/1	YP_250924-NC_007164	64.7	17	6	0	84	34	202	218	4.8e-01	28.1
FCC21WPACXX:1:1101:19176:2024#GAGGTTCA/1	BARIO140_P640757770	78.8	33	7	0	2	100	107	139	2.6e-10	58.9
FCC21WPACXX:1:1101:2880:3453#GAGGTTCA/1	THERMO495_P641301984	82.6	23	4	0	99	31	99	121	3.2e-05	42.0
FCC21WPACXX:1:1101:7939:3342#GAGGTTCA/1	FIRM50_P642585153	80.0	30	6	0	99	10	33	62	2.6e-07	48.9
FCC21WPACXX:1:1101:17679:3393#GAGGTTCA/1	CHLOFL240_P643624359	77.4	31	7	0	96	4	28	58	8.2e-09	53.9
FCC21WPACXX:1:1101:18796:3755#GAGGTTCA/1	ACTINO111_YP_290712-NC_007333	59.1	22	9	0	24	89	29	50	1.6e-01	29.6
FCC21WPACXX:1:1101:6191:4367#GAGGGTCA/1	FIRM27_P637480237	64.0	25	9	0	11	85	242	266	1.2e-04	40.0
FCC21WPACXX:1:1101:13986:4536#GAGGTTCA/1	DELTA102_P641263309	59.4	32	13	0	99	4	41	72	8.5e-06	43.9
FCC21WPACXX:1:1101:9614:5131#GAGGTTCA/1	FIRM81_P640181124	48.1	27	14	0	1	81	232	258	1.1e+00	26.9
FCC21WPACXX:1:1101:9614:5131#GAGGTTCA/1	FIRM81_P640181124	52.2	23	11	0	1	69	244	266	1.1e+00	26.9
FCC21WPACXX:1:1101:9614:5131#GAGGTTCA/1	FIRM81_P640181124	52.2	23	11	0	1	69	268	290	1.1e+00	26.9
FCC21WPACXX:1:1101:9614:5131#GAGGTTCA/1	FIRM81_P640181124	52.2	23	11	0	1	69	184	206	1.4e+00	26.6
FCC21WPACXX:1:1101:9614:5131#GAGGTTCA/1	FIRM81_P640181124	52.2	23	11	0	1	69	196	218	1.4e+00	26.6
FCC21WPACXX:1:1101:9614:5131#GAGGTTCA/1	FIRM81_P640181124	52.2	23	11	0	1	69	208	230	1.4e+00	26.6
FCC21WPACXX:1:1101:9614:5131#GAGGTTCA/1	FIRM81_P640181124	52.2	23	11	0	1	69	220	242	1.4e+00	26.6
FCC21WPACXX:1:1101:18008:5236#GAGGTTCA/1	BARIO79_P642716345	54.5	33	14	1	3	98	990	1022	1.6e-04	39.7
FCC21WPACXX:1:1101:19945:5216#GAGGTTCA/1	FIRM57_P643782932	71.4	28	8	0	95	12	32	59	8.2e-06	43.9
FCC21WPACXX:1:1101:2318:5304#GAGGTTCA/1	YP_706575-NC_008268	45.2	31	16	1	94	5	104	134	2.2e-01	29.3
FCC21WPACXX:1:1101:19654:5289#GAGGTTCA/1	DELTA124_P637483481	97.0	33	1	0	2	100	10	42	1.1e-13	70.1
FCC21WPACXX:1:1101:4521:5840#GAGGTTCA/1	P637021147	90.9	33	3	0	2	100	88	120	2.7e-12	65.5
FCC21WPACXX:1:1101:3188:6045#GAGGTTCA/1	ARCH23_P638052093	47.6	21	11	0	66	4	28	48	2.4e+00	25.8
FCC21WPACXX:1:1101:18599:6232#GAGGTTCA/1	BETA171_P637239446	88.9	27	3	0	98	18	117	143	3.3e-07	48.5
FCC21WPACXX:1:1101:15720:6253#GAGGTTCA/1	ARCH87_P643421489	52.0	25	10	1	26	100	1	23	1.3e-01	30.0
FCC21WPACXX:1:1101:8472:6626#GAGGTTCA/1	BARIO166_P639719677	53.1	32	15	0	100	5	25	56	7.2e-05	40.8
FCC21WPACXX:1:1101:12228:6787#GAGGTTCA/1	DELTA108_P637750304	81.0	21	4	0	38	100	126	146	4.7e-04	38.1
FCC21WPACXX:1:1101:12704:6847#GAGGTTCA/1	GAMMA32_P637738786	66.7	27	9	0	1	81	61	87	4.2e-05	41.6
FCC21WPACXX:1:1101:14176:7212#GAGGTTCA/1	ACTINO47_YP_121331-NC_006361	36.7	30	19	0	100	11	59	88	1.4e+00	26.6
FCC21WPACXX:1:1101:15903:7208#GAGGTTCA/1	BARIO183_P642681386	71.9	32	9	0	98	3	145	176	8.8e-08	50.4
FCC21WPACXX:1:1101:18633:7033#GAGGTTCA/1	FIRM27_P641559136	40.7	27	16	0	84	4	58	84	2.4e+00	25.8
FCC21WPACXX:1:1101:10530:7612#GAGGTTCA/1	BETA276_P637940172	100.0	23	0	0	71	3	106	128	5.2e-08	51.2
FCC21WPACXX:1:1101:3922:7821#GAGGTTCA/1	P637497735	75.0	32	8	0	3	98	10	41	1.5e-07	49.7
FCC21WPACXX:1:1101:11615:7821#GAGGTTCA/1	ALPHA39_P643619544	71.4	21	6	0	1	63	77	97	1.1e-02	33.5
FCC21WPACXX:1:1101:20227:7814#GAGGTTCA/1	BETA253_P641720781	47.8	23	12	0	28	96	113	135	1.8e+00	26.2
FCC21WPACXX:1:1101:7188:8068#GAGGTTCA/1	SPIRO109_P642685528	71.9	32	9	0	98	3	155	186	3.6e-09	55.1
FCC21WPACXX:1:1101:11321:8142#GAGGTTCA/1	P637783154	90.6	32	3	0	99	4	44	75	1.8e-11	62.8
FCC21WPACXX:1:1101:7167:8678#GAGGTTCA/1	DELTA97_P637778699	52.0	25	12	0	100	26	5	29	4.7e-04	38.1
FCC21WPACXX:1:1101:1487:8921#GAGGTTCA/1	BARIO79_P637769815	34.5	29	19	0	11	97	149	177	2.4e+00	25.8
FCC21WPACXX:1:1101:16582:8856#GAGGTTCA/1	BARIO79_P640758114	72.4	29	8	0	89	3	877	905	5.7e-07	47.8
FCC21WPACXX:1:1101:12112:9013#GAGGTTCA/1	ACTINO96_GEBA2500931020	63.6	22	8	0	1	66	8	29	5.7e-02	31.2
FCC21WPACXX:1:1101:17383:9064#GAGGTTCA/1	BARIO131_P638071127	60.6	33	13	0	1	99	722	754	1.2e-07	50.1
FCC21WPACXX:1:1101:17721:9596#GAGGTTCA/1	ARCH96_P637699506	43.5	23	13	0	24	92	62	84	1.0e+00	26.9
FCC21WPACXX:1:1101:11849:9773#GAGGTTCA/1	BETA226_P643801549	52.2	23	11	0	16	84	269	291	2.4e+00	25.8
FCC21WPACXX:1:1101:7317:10068#GAGGTTCA/1	BARIO183_P639719699	80.0	25	5	0	79	5	121	145	2.6e-07	48.9
FCC21WPACXX:1:1101:21003:10243#GAGGTTCA/1	BETA248_P642626867	68.8	16	5	0	8	55	235	250	1.8e+00	26.2
FCC21WPACXX:1:1101:2871:10707#GAGGTTCA/1	FIRM37_P639662019	54.8	31	14	0	6	98	55	85	2.0e-04	39.3
FCC21WPACXX:1:1101:17420:10628#CAGGTTCA/1	DELTA74_P643593090	39.3	28	17	0	99	16	271	298	6.3e-01	27.7
FCC21WPACXX:1:1101:18952:10698#GAGGTTCA/1	BARIO131_P639719193	70.0	30	9	0	95	6	763	792	8.8e-08	50.4
FCC21WPACXX:1:1101:19549:10845#GAGGTTCA/1	P638141288	36.4	33	21	0	2	100	59	91	2.0e-02	32.7
FCC21WPACXX:1:1101:20699:10962#GAGGTTCA/1	ALPHA23_P637194063	45.5	22	12	0	89	24	49	70	1.8e+00	26.2
FCC21WPACXX:1:1101:18806:11210#GAGGTTCA/1	ACTINO26_GEBA2501558779	43.5	23	13	0	80	12	162	184	1.0e+00	26.9
FCC21WPACXX:1:1101:16808:11291#GAGGTTCA/1	ALPHA39_P637510791	72.0	25	7	0	25	99	205	229	3.6e-04	38.5
FCC21WPACXX:1:1101:7282:11545#GAGGTTCA/1	BARIO186_P638073154	87.5	32	4	0	98	3	6	37	1.1e-10	60.1
FCC21WPACXX:1:1101:11352:11532#GAGGTTCA/1	GAMMA72_P643807137	55.6	18	8	0	95	42	192	209	2.3e+00	25.8
FCC21WPACXX:1:1101:18493:11698#GAGGTTCA/1	ALPHA23_P637029751	39.3	28	17	0	90	7	135	162	1.8e+00	26.2
FCC21WPACXX:1:1101:11876:11998#GAGGTTCA/1	BARIO165_P639719676	75.0	32	8	0	98	3	77	108	1.4e-08	53.1
FCC21WPACXX:1:1101:15090:11964#GAGGTTCA/1	GAMMA23_P639782486	90.6	32	3	0	1	96	92	123	1.5e-10	59.7
FCC21WPACXX:1:1101:4885:12076#GAGGTTCA/1	BETA273_P639821815	90.3	31	3	0	1	93	29	59	2.0e-10	59.3
FCC21WPACXX:1:1101:5212:12046#GAGGTTCA/1	BETA276_P637761733	70.6	17	5	0	48	98	132	148	1.5e-02	33.1
FCC21WPACXX:1:1101:14667:12159#GAGGTTCA/1	FIRM52_P642709454	78.1	32	7	0	3	98	96	127	1.0e-08	53.5
FCC21WPACXX:1:1101:11365:12332#GAGGTTCA/1	DELTA105_P641352369	83.3	18	3	0	59	6	120	137	2.6e-03	35.4
FCC21WPACXX:1:1101:9907:12616#GAGGTTCA/1	BARIO191_P642720534	75.0	32	8	0	98	3	43	74	7.2e-10	57.4
FCC21WPACXX:1:1101:15245:13362#GAGGTTCA/1	BETA279_P641299715	88.9	18	2	0	56	3	276	293	7.7e-04	37.4
FCC21WPACXX:1:1101:3363:13637#GAGGTTCA/1	CYANO250_C637446212	50.0	32	16	0	98	3	61	92	1.2e-04	40.0
FCC21WPACXX:1:1101:7502:14019#GAGGTTCA/1	FIRM77_P642562579	71.4	14	4	0	78	37	68	81	2.4e+00	25.8
FCC21WPACXX:1:1101:20512:12588#GAGGTTCA/1	GAMMA72_P640598369	46.4	28	15	0	13	96	198	225	8.2e-01	27.3
FCC21WPACXX:1:1101:19451:13084#GAGGTTCA/1	GAMMA72_P640908876	52.6	19	9	0	31	87	259	277	4.8e-01	28.1
FCC21WPACXX:1:1101:5085:14309#GAGGTTCA/1	BARIO171_P637411170	80.6	31	6	0	6	98	140	170	3.2e-10	58.5
FCC21WPACXX:1:1101:5268:14280#GAGGTTCA/1	DELTA74_P643541457	78.1	32	7	0	98	3	169	200	1.2e-09	56.6
FCC21WPACXX:1:1101:17198:14319#GAGGTTCA/1	BARIO171_P640508588	91.3	23	2	0	2	70	158	180	3.4e-07	48.5
FCC21WPACXX:1:1101:17496:14285#GAGGTTCA/1	YP_882870-NC_008595	37.0	27	17	0	100	20	115	141	2.4e+00	25.8
FCC21WPACXX:1:1101:13837:15868#GAGGTTCA/1	BARIO182_P639719698	70.6	17	5	0	48	98	149	165	7.2e-02	30.8
FCC21WPACXX:1:1101:14801:16202#GAGGTTCA/1	FIRM49_P637787091	66.7	33	10	1	1	99	39	70	3.8e-06	45.1
FCC21WPACXX:1:1101:4871:15243#GAGGTTCA/1	THERMI905_P637499955	70.0	20	6	0	41	100	119	138	1.8e-03	36.2
FCC21WPACXX:1:1101:5541:15221#GAGGTTCA/1	EPSI443_P640941040	45.8	24	13	0	25	96	84	107	2.4e+00	25.8
FCC21WPACXX:1:1101:8453:15151#GAGGTTCA/1	CYANO531_C641678528	52.6	19	9	0	85	29	215	233	2.4e+00	25.8
FCC21WPACXX:1:1101:15422:15188#GAGGTTCA/1	ARCH38_P638052090	62.5	16	6	0	34	81	253	268	1.4e+00	26.6
FCC21WPACXX:1:1101:9044:15416#GAGGTTCA/1	ARCH40_P637722979	50.0	26	13	0	82	5	20	45	1.8e+00	26.2
FCC21WPACXX:1:1101:19059:17851#GAGGTTCA/1	P637171505	84.8	33	5	0	1	99	86	118	8.8e-11	60.5
FCC21WPACXX:1:1101:9743:18027#GAGGTTCA/1	ARCH9_P638183259	54.5	22	10	0	12	77	141	162	1.0e+00	26.9
FCC21WPACXX:1:1101:15609:18021#GAGGTTCA/1	ACTINO108_GEBA2500931036	93.9	33	2	0	2	100	47	79	2.1e-12	65.9
FCC21WPACXX:1:1101:5372:18424#GAGGTTCA/1	ARCH87_P638157297	60.0	20	8	0	76	17	16	35	2.6e-02	32.3
FCC21WPACXX:1:1101:10101:18345#GAGGTTCA/1	ACTINO81_YP_952308-NC_008726	100.0	29	0	0	91	5	143	171	2.3e-11	62.4
FCC21WPACXX:1:1101:4550:17414#GAGGTTCA/1	GAMMA38_P640598648	50.0	28	14	0	15	98	31	58	9.4e-02	30.4
FCC21WPACXX:1:1101:14463:17655#GAGGTTCA/1	ALPHA23_P643618262	51.9	27	12	1	94	17	174	200	1.4e+00	26.6
FCC21WPACXX:1:1101:14238:18636#GAGGTTCA/1	FIRM63_P639652777	68.8	16	5	0	16	63	18	33	6.3e-01	27.7
FCC21WPACXX:1:1101:15755:18509#GAGGTTCA/1	BARIO79_P642716345	59.4	32	13	0	96	1	830	861	2.9e-06	45.4
FCC21WPACXX:1:1101:18009:18578#GAGGTTCA/1	P637178769	69.2	26	8	0	23	100	10	35	7.2e-05	40.8
FCC21WPACXX:1:1101:14619:16302#GAGGTTCA/1	BARIO79_P642682919	70.6	17	5	0	12	62	553	569	1.0e+00	26.9
FCC21WPACXX:1:1101:4670:16933#GAGGTTCA/1	ARCH9_P637698978	45.5	22	12	0	1	66	73	94	8.2e-01	27.3
FCC21WPACXX:1:1101:14619:16807#GAGGTTCA/1	CYANO452_C637775931	73.3	30	8	0	6	95	43	72	6.7e-08	50.8
FCC21WPACXX:1:1101:4198:19678#GAGGTTCA/1	CHLOFL246_P643567837	55.2	29	13	0	98	12	14	42	1.1e-02	33.5
FCC21WPACXX:1:1101:6276:19595#GAGGTTCA/1	DELTA29_P641350129	93.5	31	2	0	95	3	131	161	2.2e-11	62.4
FCC21WPACXX:1:1101:6831:19949#GAGGTTCA/1	ALPHA54_P640443420	50.0	28	14	0	86	3	543	570	7.2e-02	30.8
FCC21WPACXX:1:1101:13624:19927#GAGGTTCA/1	THERMO507_P641301998	45.8	24	13	0	96	25	34	57	8.2e-01	27.3
FCC21WPACXX:1:1101:18053:20288#GAGGTTCA/1	ALPHA23_P641269492	39.3	28	17	0	98	15	75	102	1.8e+00	26.2
FCC21WPACXX:1:1101:7979:20716#GAGGTTCA/1	DELTA74_P640551218	61.3	31	12	0	6	98	75	105	1.3e-06	46.6
FCC21WPACXX:1:1101:8155:20988#GAGGTTCA/1	ACTINO116_YP_706509-NC_008268	63.6	33	10	1	100	8	258	290	1.6e-04	39.7
FCC21WPACXX:1:1101:15274:20865#GAGGTTCA/1	DELTA175_P637783133	58.3	24	10	0	3	74	3	26	7.2e-02	30.8
FCC21WPACXX:1:1101:3064:21499#GAGGTTCA/1	BARIO180_P639719695	47.8	23	12	0	30	98	40	62	2.7e-01	28.9
FCC21WPACXX:1:1101:10820:21487#GAGGTTCA/1	ACTINO111_GEBA2501562794	51.9	27	13	0	85	5	121	147	1.3e-01	30.0
FCC21WPACXX:1:1101:12254:21419#GAGGTTCA/1	FIRM55_P639707525	78.1	32	7	0	98	3	22	53	3.6e-09	55.1
FCC21WPACXX:1:1101:17236:21273#GAGGTTCA/1	ALPHA23_P641642825	43.8	32	16	1	6	95	202	233	1.4e+00	26.6
FCC21WPACXX:1:1101:5426:21653#GAGGTTCA/1	DELTA97_P637858970	45.5	22	12	0	86	21	500	521	1.8e+00	26.2
FCC21WPACXX:1:1101:3017:21944#GAGGTTCA/1	P637678784	96.9	32	1	0	3	98	67	98	1.1e-13	70.1
FCC21WPACXX:1:1101:5492:21801#GAGGTTCA/1	ACTINO102_YP_062851-NC_006087	41.4	29	17	0	92	6	27	55	8.0e-01	27.3
FCC21WPACXX:1:1101:10702:21794#GAGGTTCA/1	BARIO155_P642681246	58.1	31	13	0	6	98	36	66	1.4e-05	43.1
FCC21WPACXX:1:1101:12167:22128#GAGGTTCA/1	ACTINO116_YP_644172-NC_008148	37.8	37	18	1	1	96	215	251	1.4e+00	26.6
FCC21WPACXX:1:1101:17682:23688#GAGGTTCA/1	ARCH79_P640100268	52.9	17	8	0	79	29	78	94	1.1e+00	26.9
FCC21WPACXX:1:1101:18146:23664#GAGGTTCA/1	DELTA94_P643535092	89.5	19	2	0	1	57	32	50	2.5e-05	42.4
FCC21WPACXX:1:1101:5956:23881#GAGGTTCA/1	BARIO191_P642682471	83.3	30	5	0	93	4	19	48	2.0e-10	59.3
FCC21WPACXX:1:1101:7550:23790#GAGGTTCA/1	ALPHA110_P641260153	89.3	28	3	0	85	2	34	61	8.2e-09	53.9
FCC21WPACXX:1:1101:18288:23933#GAGGTTCA/1	ALPHA23_P640552141	72.7	33	9	0	2	100	477	509	7.4e-10	57.4
FCC21WPACXX:1:1101:10597:24084#GAGGTTCA/1	ARCH87_P639700320	50.0	22	11	0	30	95	326	347	2.3e+00	25.8
FCC21WPACXX:1:1101:11601:24108#GAGGTTCA/1	ACTINO81_NP_301361-NC_002677	46.4	28	15	0	91	8	44	71	7.4e-02	30.8
FCC21WPACXX:1:1101:14108:24124#GAGGTTCA/1	DELTA29_P640842649	52.4	21	10	0	37	99	151	171	4.8e-01	28.1
FCC21WPACXX:1:1101:2205:24355#GAGGTTCA/1	ALPHA23_P640517858	55.2	29	11	1	7	93	187	213	2.2e-01	29.3
FCC21WPACXX:1:1101:8136:24270#GAGGTTCA/1	ALPHA25_P640875782	61.8	34	12	1	1	99	154	187	1.7e-06	46.2
FCC21WPACXX:1:1101:19138:22176#GAGGTTCA/1	ARCH39_P640867756	55.6	18	8	0	85	32	51	68	8.2e-01	27.3
FCC21WPACXX:1:1101:2784:22718#GAGGTTCA/1	P643700265	96.9	32	1	0	99	4	81	112	1.1e-13	70.1
FCC21WPACXX:1:1101:7014:22577#GAGGTTCA/1	BETA279_P641671623	43.5	23	13	0	19	87	14	36	1.4e+00	26.6
FCC21WPACXX:1:1101:13151:22669#GAGGTTCA/1	ALPHA23_P640072396	46.4	28	15	0	13	96	88	115	6.3e-01	27.7
FCC21WPACXX:1:1101:5711:22825#GAGGTTCA/1	DELTA112_P643535073	42.3	26	15	0	3	80	11	36	8.0e-01	27.3
FCC21WPACXX:1:1101:18403:22805#GAGGTTCA/1	P639821816	84.8	33	5	0	100	2	36	68	2.7e-12	65.5
FCC21WPACXX:1:1101:3660:23071#GAGGTTCA/1	BETA309_P641295454	90.9	33	3	0	1	99	149	181	1.1e-13	70.1
FCC21WPACXX:1:1101:19731:23079#GAGGTTCA/1	BARIO131_P638071127	70.0	30	9	0	91	2	163	192	2.2e-06	45.8
FCC21WPACXX:1:1101:20016:23179#GAGGTTCA/1	ALPHA39_P637900425	60.7	28	11	0	10	93	176	203	3.6e-04	38.5
FCC21WPACXX:1:1101:5727:23574#GAGGTTCA/1	DELTA108_P639754735	68.8	32	10	0	3	98	146	177	3.3e-07	48.5
FCC21WPACXX:1:1101:6724:23618#GAGGTTCA/1	GAMMA72_P639856217	45.5	22	12	0	74	9	119	140	2.3e+00	25.8
FCC21WPACXX:1:1101:12325:25151#GAGGTTCA/1	GAMMA72_P643807137	90.6	32	3	0	98	3	516	547	3.8e-11	61.6
FCC21WPACXX:1:1101:4575:25276#GAGGTTCA/1	CYANO265_C643480614	50.0	22	11	0	5	70	486	507	1.8e+00	26.2
FCC21WPACXX:1:1101:11419:24641#GAGGTTCA/1	CHLAM257_P637501549	100.0	33	0	0	100	2	39	71	2.5e-13	68.9
FCC21WPACXX:1:1101:14895:24555#GAGGTTCA/1	GAMMA72_P640598369	46.4	28	15	0	87	4	198	225	8.2e-01	27.3
FCC21WPACXX:1:1101:16911:24818#GAGGTTCA/1	BETA280_P637937191	77.4	31	7	0	94	2	7	37	4.5e-07	48.1
FCC21WPACXX:1:1101:14689:25990#GAGGTTCA/1	P643448690	71.9	32	9	0	5	100	24	55	7.4e-10	57.4
FCC21WPACXX:1:1101:2414:26069#GAGGTTCA/1	GAMMA72_P642701775	71.0	31	9	0	95	3	419	449	1.1e-07	50.1
FCC21WPACXX:1:1101:9542:26100#GAGGTTCA/1	GAMMA39_P641583059	100.0	16	0	0	49	2	161	176	2.1e-04	39.3
FCC21WPACXX:1:1101:12159:26113#GAGGTTCA/1	ACTINO116_YP_882916-NC_008595	52.2	23	11	0	32	100	254	276	8.2e-01	27.3
FCC21WPACXX:1:1101:16714:26412#GAGGTTCA/1	P639788562	59.4	32	13	0	3	98	32	63	8.5e-03	33.9
FCC21WPACXX:1:1101:5797:26695#GAGGTTCA/1	P637497734	62.5	32	12	0	2	97	49	80	1.7e-06	46.2
FCC21WPACXX:1:1101:2060:26988#GAGGTTCA/1	P639837533	93.9	33	2	0	100	2	7	39	2.5e-13	68.9
FCC21WPACXX:1:1101:19828:26926#GAGGTTCA/1	P637029845	52.4	21	10	0	38	100	1	21	1.1e+00	26.9
FCC21WPACXX:1:1101:14510:27134#GAGGTTCA/1	ALPHA23_P641642825	39.3	28	17	0	15	98	290	317	2.3e+00	25.8
FCC21WPACXX:1:1101:4773:27290#GAGGTTCA/1	ALPHA25_P637671308	45.5	22	12	0	25	90	1	22	1.8e+00	26.2
FCC21WPACXX:1:1101:8689:27405#GAGGTTCA/1	P643463901	59.4	32	13	0	97	2	23	54	5.9e-07	47.8
FCC21WPACXX:1:1101:16956:27497#GAGGTTCA/1	ARCH75_P638155590	52.6	19	9	0	21	77	75	93	2.3e+00	25.8
FCC21WPACXX:1:1101:2331:27553#GAGGTTCA/1	DELTA29_P643639991	60.6	33	13	0	100	2	351	383	2.9e-06	45.4
FCC21WPACXX:1:1101:19573:28703#GAGGTTCA/1	ALPHA23_P640879539	52.4	21	10	0	38	100	205	225	2.4e+00	25.8
FCC21WPACXX:1:1101:19637:28877#GAGGTTCA/1	BARIO175_P642716984	70.0	20	6	0	39	98	40	59	2.6e-04	38.9
FCC21WPACXX:1:1101:20588:28972#GAGGTTCA/1	BARIO140_P642682687	66.7	33	11	0	99	1	292	324	2.4e-08	52.4
FCC21WPACXX:1:1101:16966:29004#GAGGTTCA/1	ARCH40_P638197521	52.4	21	10	0	94	32	31	51	8.2e-01	27.3
FCC21WPACXX:1:1101:20728:29098#GAGGTTCA/1	BARIO131_P642681294	42.9	28	16	0	11	94	535	562	2.8e-01	28.9
FCC21WPACXX:1:1101:19946:30122#GAGGTTCA/1	ALPHA35_P640443997	70.8	24	7	0	20	91	6	29	3.6e-04	38.5
FCC21WPACXX:1:1101:2185:30823#GAGGTTCA/1	P637678778	83.9	31	5	0	96	4	93	123	7.4e-10	57.4
FCC21WPACXX:1:1101:12194:30903#GAGGTTCA/1	ARCH29_P640534968	50.0	24	12	0	89	18	86	109	1.4e+00	26.6
FCC21WPACXX:1:1101:16940:30754#GAGGTTCA/1	BETA280_P643700256	57.9	19	8	0	75	19	43	61	2.4e+00	25.8
FCC21WPACXX:1:1101:17099:31209#GAGGTTCA/1	FIRM81_P641293865	41.7	24	14	0	29	100	943	966	8.2e-01	27.3
FCC21WPACXX:1:1101:17651:31373#GAGGTTCA/1	BARIO140_P642655890	75.8	33	8	0	100	2	268	300	3.0e-11	62.0
FCC21WPACXX:1:1101:5913:28123#GAGGTTCA/1	ACTINO79_NP_939523-NC_002935	68.4	19	6	0	88	32	691	709	2.8e-01	28.9
FCC21WPACXX:1:1101:4157:28402#GAGGTTCA/1	EPSI443_P639746852	42.3	26	15	0	89	12	162	187	2.3e+00	25.8
FCC21WPACXX:1:1101:8253:28449#GAGGTTCA/1	ARCH4_P640108928	47.8	23	12	0	7	75	96	118	6.3e-01	27.7
FCC21WPACXX:1:1101:11743:28592#GAGGTTCA/1	DELTA104_P637858615	70.0	20	6	0	40	99	1	20	2.3e-03	35.8
FCC21WPACXX:1:1101:17232:31659#GAGGTTCA/1	YP_001108034-NC_009142	54.2	24	11	0	7	78	4	27	1.7e-01	29.6
FCC21WPACXX:1:1101:14996:31923#GAGGTTCA/1	FIRM51_P639672164	64.7	17	6	0	66	16	15	31	8.2e-01	27.3
FCC21WPACXX:1:1101:4224:32152#GAGGTTCA/1	DELTA111_P640843437	90.9	33	3	0	1	99	19	51	2.3e-11	62.4
FCC21WPACXX:1:1101:6540:32159#GAGGTTCA/1	ACTINO90_GEBA2501601697	56.0	25	11	0	26	100	4	28	2.2e-01	29.3
FCC21WPACXX:1:1101:1594:32300#GAGGTTCA/1	BETA253_P637918620	93.9	33	2	0	1	99	94	126	6.1e-12	64.3
FCC21WPACXX:1:1101:6614:29729#GAGGTTCA/1	BETA226_P637142501	44.4	27	15	0	4	84	304	330	6.3e-01	27.7
FCC21WPACXX:1:1101:8499:29625#GAGGTTCA/1	BARIO165_P639719676	75.0	32	8	0	99	4	77	108	1.4e-08	53.1
FCC21WPACXX:1:1101:10722:29628#GAGGTTCA/1	CYANO531_C642603351	59.1	22	9	0	74	9	221	242	5.5e-02	31.2
FCC21WPACXX:1:1101:17849:29688#GAGGTTCA/1	GAMMA4_P642692650	87.1	31	4	0	96	4	21	51	2.7e-12	65.5
FCC21WPACXX:1:1101:18677:29593#GAGGTTCA/1	ALPHA34_P641259306	44.4	27	15	0	82	2	43	69	4.8e-01	28.1
FCC21WPACXX:1:1101:16869:29888#GAGGTTCA/1	BARIO182_P643422733	51.6	31	15	0	96	4	156	186	6.1e-04	37.7
FCC21WPACXX:1:1101:2026:32508#GAGGTTCA/1	BARIO191_P640758817	63.6	33	12	0	2	100	94	126	6.5e-06	44.3
FCC21WPACXX:1:1101:8369:32691#GAGGTTCA/1	BETA224_P643799870	90.9	33	3	0	100	2	130	162	4.6e-12	64.7
FCC21WPACXX:1:1101:13950:32847#GAGGTTCA/1	ARCH87_P638052326	66.7	18	6	0	44	97	38	55	1.1e-02	33.5
FCC21WPACXX:1:1101:21017:32977#GAGGTTCA/1	SPIRO100_P637495666	81.8	33	6	0	100	2	73	105	7.4e-10	57.4
FCC21WPACXX:1:1101:8437:33100#GAGGTTCA/1	P639833331	71.0	31	9	0	99	7	87	117	1.3e-06	46.6
FCC21WPACXX:1:1101:12495:33180#GAGGTTCA/1	FIRM56_P637594269	100.0	33	0	0	1	99	103	135	9.4e-13	67.0
FCC21WPACXX:1:1101:15421:33190#GAGGTTCA/1	ALPHA78_P637623116	46.2	26	14	0	17	94	87	112	9.7e-02	30.4
FCC21WPACXX:1:1101:3883:33489#GAGGTTCA/1	P637899831	55.0	20	9	0	21	80	43	62	1.4e+00	26.6
FCC21WPACXX:1:1101:6517:33304#GAGGTTCA/1	BETA248_P642626867	56.0	25	11	0	26	100	233	257	4.8e-01	28.1
FCC21WPACXX:1:1101:15700:33266#GAGGTTCT/1	ACTINO91_YP_001360457-NC_009664	46.4	28	15	0	87	4	55	82	1.1e+00	26.9
FCC21WPACXX:1:1101:6372:33616#GAGGTTCA/1	GAMMA56_P641603455	62.5	24	9	0	73	2	53	76	9.7e-02	30.4
FCC21WPACXX:1:1101:9624:33519#GAGGTTCA/1	GAMMA72_P640598369	62.5	32	12	0	3	98	570	601	1.4e-05	43.1
FCC21WPACXX:1:1101:18818:33631#GAGGTTCA/1	ALPHA23_P641342206	41.7	24	14	0	27	98	108	131	2.3e+00	25.8
FCC21WPACXX:1:1101:12342:33891#GAGGTTCA/1	P639638106	46.4	28	15	0	87	4	25	52	5.7e-02	31.2
FCC21WPACXX:1:1101:12318:33955#GAGGTTCA/1	DELTA97_P637751015	43.5	23	13	0	3	71	364	386	2.3e+00	25.8
FCC21WPACXX:1:1101:19334:33933#GAGGTTCA/1	ALPHA39_P640567343	79.3	29	6	0	9	95	212	240	3.6e-09	55.1
FCC21WPACXX:1:1101:19639:33804#GAGGTTCA/1	FIRM77_P637263775	81.2	32	6	0	97	2	72	103	1.5e-10	59.7
FCC21WPACXX:1:1101:18591:34085#GAGGTTCA/1	P637678778	84.8	33	5	0	1	99	59	91	8.8e-11	60.5
FCC21WPACXX:1:1101:4801:34284#GAGGTTCA/1	BETA166_P637916809	54.5	22	10	0	22	87	67	88	1.4e+00	26.6
FCC21WPACXX:1:1101:6659:34942#GAGGTTCA/1	BARIO131_P640511211	80.0	30	6	0	100	11	162	191	1.4e-08	53.1
FCC21WPACXX:1:1101:10683:34878#GAGGTTCA/1	P642582114	77.8	27	6	0	20	100	1	27	1.7e-09	56.2
FCC21WPACXX:1:1101:16215:34886#GAGGTTCA/1	P643456493	50.0	32	16	0	4	99	4	35	1.8e-03	36.2
FCC21WPACXX:1:1101:5614:36414#GAGGTTCA/1	FIRM27_P640771828	100.0	33	0	0	2	100	186	218	1.4e-13	69.7
FCC21WPACXX:1:1101:7146:36490#GAGGTTCA/1	BETA151_P643699942	96.6	29	1	0	2	88	139	167	3.9e-11	61.6
FCC21WPACXX:1:1101:11247:36370#GAGGTTCA/1	DELTA123_P637783899	60.6	33	13	0	2	100	192	224	3.4e-07	48.5
FCC21WPACXX:1:1101:4600:36743#GAGGTTCA/1	BARIO171_P642726032	48.5	33	17	0	1	99	138	170	7.2e-05	40.8
FCC21WPACXX:1:1101:17700:36706#GAGGTTCA/1	EPSI200_P643725363	48.5	33	17	0	1	99	81	113	1.4e-05	43.1
FCC21WPACXX:1:1101:4833:36959#GAGGTTCA/1	ALPHA40_P643411611	63.6	33	12	0	1	99	122	154	2.5e-05	42.4
FCC21WPACXX:1:1101:6872:36961#GAGGTTCA/1	CYANO568_C640085293	52.0	25	12	0	1	75	132	156	1.3e-01	30.0
FCC21WPACXX:1:1101:16956:35291#GAGGTTCA/1	GAMMA4_P637469319	70.6	17	5	0	77	27	186	202	4.7e-01	28.1
FCC21WPACXX:1:1101:5566:35550#GAGGTTCA/1	SPIRO156_P637497585	72.7	33	9	0	100	2	346	378	4.4e-10	58.2
FCC21WPACXX:1:1101:1748:35965#GAGGTTCA/1	DELTA29_P643537938	35.5	31	20	0	100	8	136	166	1.8e+00	26.2
FCC21WPACXX:1:1101:9967:35817#GAGGTTCA/1	BETA166_P639823025	90.6	32	3	0	99	4	187	218	3.6e-12	65.1
FCC21WPACXX:1:1101:4145:36094#GAGGTTCA/1	BETA237_P641666768	63.2	19	7	0	99	43	80	98	4.4e-02	31.6
FCC21WPACXX:1:1101:9358:36238#GAGGTTCA/1	BARIO155_P637149152	56.5	23	10	0	31	99	1	23	7.9e-04	37.4
FCC21WPACXX:1:1101:12728:36787#GAGGTTCA/1	DELTA99_P640548569	46.4	28	14	1	100	20	5	32	1.8e+00	26.2
FCC21WPACXX:1:1101:18993:36981#GAGGTTCA/1	FIRM37_P637754527	52.4	21	10	0	94	32	89	109	7.4e-02	30.8
FCC21WPACXX:1:1101:2542:37200#GAGGTTCA/1	SPIRO45_P637021565	59.4	32	13	0	4	99	192	223	1.7e-06	46.2
FCC21WPACXX:1:1101:8965:37192#GAGGTTCA/1	FIRM78_P641294776	83.9	31	5	0	99	7	13	43	3.3e-10	58.5
FCC21WPACXX:1:1101:3834:37311#GAGGTTCA/1	BETA237_P639833205	87.5	24	3	0	74	3	1	24	1.8e-05	42.7
FCC21WPACXX:1:1101:8752:37425#GAGGTGCA/1	ALPHA87_P641563526	69.0	29	9	0	5	91	33	61	1.1e-08	53.5
FCC21WPACXX:1:1101:12406:37544#GAGGTTCA/1	CHLAM542_P637382308	40.7	27	16	0	91	11	689	715	1.4e+00	26.6
FCC21WPACXX:1:1101:1340:38424#GAGGTTCA/1	ACTINO26_YP_118128-NC_006361	50.0	30	15	0	96	7	102	131	2.7e-04	38.9
FCC21WPACXX:1:1101:7431:38253#GAGGTTCA/1	THERMO508_P640769232	57.6	33	14	0	1	99	80	112	2.2e-06	45.8
FCC21WPACXX:1:1101:11796:38309#GAGGTTCA/1	ACTINO90_NP_854400-NC_002945	48.3	29	14	1	16	99	17	45	1.1e+00	26.9
FCC21WPACXX:1:1101:13365:38833#GAGGTTCA/1	BARIO169_P638073133	79.3	29	6	0	2	88	134	162	9.1e-08	50.4
FCC21WPACXX:1:1101:16161:38762#GAGGTTCA/1	BARIO131_P638071127	68.8	32	10	0	1	96	158	189	2.6e-07	48.9
FCC21WPACXX:1:1101:3460:39099#GAGGTTCA/1	ACTINO82_NP_789096-NC_004551	56.7	30	13	0	2	91	7	36	1.6e-04	39.7
FCC21WPACXX:1:1101:12874:39085#GAGGTTCA/1	BARIO155_P638073026	69.7	33	10	0	1	99	166	198	8.2e-09	53.9
FCC21WPACXX:1:1101:16083:39492#GAGGTTCA/1	ALPHA15_P638145399	56.0	25	11	0	22	96	79	103	3.0e-03	35.4
FCC21WPACXX:1:1101:20408:39255#GAGGTTCA/1	FIRM81_P641593738	60.7	28	11	0	5	88	336	363	7.2e-05	40.8
FCC21WPACXX:1:1101:3602:39630#GAGGTTCA/1	DELTA111_P643594830	75.8	33	8	0	1	99	41	73	1.1e-08	53.5
FCC21WPACXX:1:1101:3378:39984#GAGGTTCA/1	DELTA112_P640843439	47.8	23	12	0	82	14	14	36	1.8e+00	26.2
FCC21WPACXX:1:1101:16188:40137#GAGGTTCA/1	SPIRO99_P639659732	75.0	32	8	0	3	98	168	199	3.9e-08	51.6
FCC21WPACXX:1:1101:17018:40055#GAGGTTCA/1	FIRM47_P637796340	61.3	31	7	1	93	1	95	120	2.3e-03	35.8
FCC21WPACXX:1:1101:18814:40170#GAGGTTCA/1	ACTINO79_YP_482262-NC_007777	54.5	22	10	0	34	99	443	464	2.4e+00	25.8
FCC21WPACXX:1:1101:6977:40691#GAGGTTCA/1	GAMMA4_P643529832	41.9	31	18	0	96	4	197	227	2.0e-02	32.7
FCC21WPACXX:1:1101:8551:41646#GAGGTTCA/1	SPIRO93_P643738920	41.4	29	17	0	93	7	114	142	5.7e-02	31.2
FCC21WPACXX:1:1101:15178:41643#GAGGTTCA/1	FIRM81_P640527235	51.9	27	13	0	89	9	380	406	1.0e+00	26.9
FCC21WPACXX:1:1101:3721:41965#GAGGTTCA/1	ALPHA23_P642761357	48.0	25	13	0	80	6	141	165	8.0e-01	27.3
FCC21WPACXX:1:1101:9375:41918#GAGGTTCA/1	CYANO265_C640546922	58.8	17	7	0	50	100	105	121	1.8e+00	26.2
FCC21WPACXX:1:1101:9375:41918#GAGGTTCA/1	CYANO265_C640546922	58.8	17	7	0	50	100	130	146	1.8e+00	26.2
FCC21WPACXX:1:1101:8289:43094#GAGGTTCA/1	ALPHA36_P637628306	50.0	30	15	0	98	9	37	66	1.2e-01	30.0
FCC21WPACXX:1:1101:3475:43508#GAGGTTCA/1	P643411614	59.4	32	13	0	3	98	40	71	3.7e-06	45.1
FCC21WPACXX:1:1101:12932:40595#GAGGTTCA/1	ARCH62_P641315953	56.0	25	10	1	21	95	155	178	1.8e+00	26.2
FCC21WPACXX:1:1101:7886:40955#GAGGTTCA/1	ALPHA36_P637531209	64.3	28	10	0	3	86	62	89	3.5e-04	38.5
FCC21WPACXX:1:1101:2552:41156#GAGGTTCA/1	BETA166_P637916809	54.5	22	10	0	87	22	67	88	1.4e+00	26.6
FCC21WPACXX:1:1101:2022:41312#GAGGTTCA/1	DELTA98_P641344996	94.7	19	1	0	2	58	68	86	1.2e-04	40.0
FCC21WPACXX:1:1101:19922:43589#GAGGTTCA/1	ACTINO108_GEBA2500941319	62.5	32	12	0	99	4	63	94	4.5e-07	48.1
FCC21WPACXX:1:1101:1360:43890#GAGGTTCA/1	FIRM77_P637929549	75.0	32	8	0	2	97	128	159	1.7e-09	56.2
FCC21WPACXX:1:1101:13258:44216#GAGGTTCA/1	BARIO66_P637560462	82.1	28	5	0	8	91	62	89	1.1e-08	53.5
FCC21WPACXX:1:1101:15808:44089#GAGGTTCA/1	ALPHA57_P641626650	83.9	31	5	0	99	7	59	89	8.2e-09	53.9
FCC21WPACXX:1:1101:3041:44270#GAGGTTCA/1	P637037843	47.8	23	12	0	13	81	172	194	1.8e+00	26.2
FCC21WPACXX:1:1101:17287:42010#GAGGTTCA/1	BARIO172_P639719685	75.8	33	8	0	2	100	43	75	1.4e-08	53.1
FCC21WPACXX:1:1101:2623:42393#GAGGTTCA/1	ALPHA39_P640951584	76.7	30	6	1	5	94	35	63	7.7e-07	47.4
FCC21WPACXX:1:1101:9091:42428#GAGGTTCA/1	BARIO191_P639719234	75.8	33	8	0	2	100	69	101	6.9e-08	50.8
FCC21WPACXX:1:1101:9910:42336#GAGGTTCA/1	P641555978	67.7	31	10	0	3	95	29	59	2.1e-09	55.8
FCC21WPACXX:1:1101:17633:42336#GAGGTTCA/1	FIRM51_P641294762	83.3	24	4	0	75	4	1	24	1.0e-06	47.0
FCC21WPACXX:1:1101:13595:42713#GAGGTTCA/1	ARCH75_P641734469	44.0	25	14	0	23	97	139	163	1.8e+00	26.2
FCC21WPACXX:1:1101:14197:44563#GAGGTTCA/1	P641561282	87.9	33	4	0	1	99	62	94	1.4e-13	69.7
FCC21WPACXX:1:1101:13994:45814#GAGGTTCA/1	DELTA101_P643640935	71.9	32	9	0	100	5	153	184	7.7e-07	47.4
FCC21WPACXX:1:1101:15207:46139#GAGGTTCA/1	BETA226_P643801549	75.8	33	8	0	2	100	781	813	5.3e-08	51.2
FCC21WPACXX:1:1101:12229:46368#GAGGTTCA/1	FIRM62_P640944710	63.6	33	12	0	100	2	33	65	1.4e-05	43.1
FCC21WPACXX:1:1101:4883:46654#GAGGTTCA/1	BARIO140_P637410106	54.8	31	13	1	1	93	61	90	6.7e-03	34.3
FCC21WPACXX:1:1101:7206:46625#GAGGTTCA/1	BARIO182_P642656047	78.1	32	7	0	3	98	57	88	4.7e-09	54.7
FCC21WPACXX:1:1101:12144:45018#GAGGTTCA/1	CYANO265_C642604694	54.5	22	10	0	10	75	719	740	2.4e+00	25.8
FCC21WPACXX:1:1101:5542:45441#GAGGTTCA/1	FIRM51_P641558739	71.0	31	9	0	7	99	1	31	4.1e-08	51.6
FCC21WPACXX:1:1101:2362:45954#GAGGTTCA/1	GAMMA33_P637171499	63.6	33	12	0	100	2	76	108	1.8e-08	52.8
FCC21WPACXX:1:1101:4764:45974#GAGGTTCA/1	BARIO131_P637228276	56.2	32	14	0	4	99	706	737	1.8e-03	36.2
FCC21WPACXX:1:1101:1373:46920#GAGGTTCA/1	GAMMA72_P643807137	55.6	18	8	0	5	58	192	209	1.4e+00	26.6
FCC21WPACXX:1:1101:13610:46885#GAGGTTCA/1	BARIO179_P638073145	80.0	25	5	0	78	4	31	55	6.5e-06	44.3
FCC21WPACXX:1:1101:8140:47423#GAGGTTCA/1	BARIO190_P640758816	96.4	28	1	0	100	17	202	229	2.2e-09	55.8
FCC21WPACXX:1:1101:14406:47389#GAGGTTCA/1	CYANO265_C637770763	52.2	23	11	0	85	17	129	151	4.8e-01	28.1
FCC21WPACXX:1:1101:20088:47446#GAGGTTCA/1	FIRM51_P641593094	50.0	18	9	0	98	45	10	27	2.3e+00	25.8
FCC21WPACXX:1:1101:6926:47750#GAGGTTCA/1	FIRM46_P643716097	65.6	32	11	0	98	3	80	111	1.3e-06	46.6
FCC21WPACXX:1:1101:2210:47869#GAGGTTCA/1	GAMMA100_P640505173	80.0	30	6	0	99	10	193	222	2.8e-09	55.5
FCC21WPACXX:1:1101:10683:47982#GAGGGTCA/1	P637221021	42.9	21	12	0	4	66	190	210	1.8e+00	26.2
FCC21WPACXX:1:1101:8783:48075#GAGGTTCA/1	GAMMA110_P638105232	52.6	19	9	0	43	99	31	49	1.1e+00	26.9
FCC21WPACXX:1:1101:12935:48843#GAGGTTCA/1	DELTA97_P637528715	57.1	21	9	0	31	93	18	38	2.8e-01	28.9
FCC21WPACXX:1:1101:16708:48872#GAGGTTCA/1	DELTA29_P643537938	68.8	32	10	0	98	3	953	984	1.6e-09	56.2
FCC21WPACXX:1:1101:2045:49147#GAGGTTCA/1	ALPHA111_P643411625	53.8	26	12	0	94	17	152	177	5.2e-03	34.7
FCC21WPACXX:1:1101:17359:49066#GAGGTTCA/1	BETA151_P643699942	97.0	33	1	0	2	100	138	170	3.8e-14	71.6
FCC21WPACXX:1:1101:7548:49423#GAGGTTCA/1	ACTINO91_GEBA2501486971	47.8	23	12	0	3	71	43	65	2.7e-01	28.9
FCC21WPACXX:1:1101:11429:49311#GAGGTTCA/1	NP_939825-NC_002935	42.3	26	15	0	17	94	125	150	2.4e+00	25.8
FCC21WPACXX:1:1101:17787:49699#GAGGTTCA/1	ALPHA87_P642696174	62.5	16	6	0	36	83	44	59	1.8e+00	26.2
FCC21WPACXX:1:1101:18548:50242#GAGGTTCA/1	FIRM81_P637167495	75.0	32	8	0	4	99	244	275	1.4e-08	53.1
FCC21WPACXX:1:1101:15580:50736#GAGGTTCA/1	ALPHA23_P637855944	87.5	32	4	0	4	99	389	420	6.7e-11	60.8
FCC21WPACXX:1:1101:9940:50985#GAGGTTCA/1	GAMMA4_P643873583	55.2	29	13	0	99	13	18	46	4.2e-05	41.6
FCC21WPACXX:1:1101:3560:51418#GAGGTTCA/1	CHLAM147_P637723918	45.8	24	13	0	74	3	396	419	1.8e+00	26.2
FCC21WPACXX:1:1101:14875:51969#GAGGTTCA/1	ALPHA23_P637611971	54.2	24	11	0	73	2	234	257	6.3e-01	27.7
FCC21WPACXX:1:1101:14255:52569#GAGGTTCA/1	ARCH4_P638193794	52.4	21	10	0	18	80	428	448	7.2e-02	30.8
FCC21WPACXX:1:1101:14888:52895#GAGGTTCA/1	ACTINO99_GEBA2500934419	48.0	25	13	0	96	22	241	265	6.3e-01	27.7
FCC21WPACXX:1:1101:12663:53191#GAGGTTCA/1	ACTINO88_NP_696757-NC_004307	48.0	25	13	0	89	15	32	56	1.0e+00	26.9
FCC21WPACXX:1:1101:15643:53152#GAGGTTCA/1	BARIO131_P640758678	50.0	30	15	0	1	90	673	702	5.5e-05	41.2
FCC21WPACXX:1:1101:2326:53670#GAGGTTCA/1	THERMI920_P641230895	64.5	31	11	0	95	3	159	189	9.7e-07	47.0
FCC21WPACXX:1:1101:18976:53663#GAGGTTCA/1	BETA309_P639821544	88.0	25	3	0	76	2	192	216	1.7e-06	46.2
FCC21WPACXX:1:1101:16655:54146#GAGGTTCA/1	GAMMA72_P643441018	56.5	23	10	0	31	99	501	523	2.2e-01	29.3
FCC21WPACXX:1:1101:10996:54569#GAGGTTCA/1	ALPHA41_P640954903	66.7	33	11	0	1	99	156	188	4.5e-07	48.1
FCC21WPACXX:1:1101:13180:54717#GAGGTTCA/1	FIRM81_P643657848	35.7	28	18	0	12	95	542	569	1.8e+00	26.2
FCC21WPACXX:1:1101:20505:54514#GAGGTTCA/1	DELTA29_P637121726	53.8	26	12	0	19	96	680	705	3.3e-02	32.0
FCC21WPACXX:1:1101:19461:54893#GAGGTTCA/1	P643574417	72.7	33	9	0	100	2	28	60	1.7e-09	56.2
FCC21WPACXX:1:1101:13606:55128#GAGGTTCA/1	ACTINO79_GEBA2501564109	54.2	24	11	0	75	4	205	228	2.8e-01	28.9
FCC21WPACXX:1:1101:18784:55280#GAGGTTCA/1	P637102178	72.7	33	9	0	2	100	82	114	1.2e-07	50.1
FCC21WPACXX:1:1101:12735:56406#GAGGTTCA/1	ARCH67_P638052188	52.6	19	9	0	35	91	70	88	1.4e+00	26.6
FCC21WPACXX:1:1101:3387:56646#GAGGTTCA/1	P640593250	84.8	33	5	0	1	99	71	103	1.4e-11	63.2
FCC21WPACXX:1:1101:11253:56626#GAGGTTCA/1	BETA226_P639850513	87.9	33	4	0	100	2	872	904	3.9e-11	61.6
FCC21WPACXX:1:1101:15163:56505#GAGGTTCA/1	ALPHA43_P637855256	57.6	33	14	0	1	99	195	227	8.5e-06	43.9
FCC21WPACXX:1:1101:2141:56836#GAGGTTCA/1	BARIO182_P640758975	58.3	24	10	0	29	100	1	24	6.7e-03	34.3
FCC21WPACXX:1:1101:8925:56826#GAGGTTCA/1	FIRM52_P637596843	48.3	29	15	0	99	13	25	53	5.2e-03	34.7
FCC21WPACXX:1:1101:8356:55672#GAGGTTCA/1	P637671991	55.6	27	12	0	20	100	80	106	6.7e-03	34.3
FCC21WPACXX:1:1101:5228:55996#GAGGTTCA/1	ALPHA36_P637826787	93.9	33	2	0	99	1	45	77	5.5e-13	67.8
FCC21WPACXX:1:1101:1451:56091#GAGGTTCA/1	GAMMA72_P637968286	44.4	27	15	0	8	88	209	235	2.2e-01	29.3
FCC21WPACXX:1:1101:3821:56046#GAGGTTCA/1	BARIO171_P637844046	45.2	31	17	0	6	98	23	53	8.5e-03	33.9
FCC21WPACXX:1:1101:13558:56024#GCGGTTCA/1	DELTA106_P638024669	54.5	33	15	0	2	100	31	63	2.5e-05	42.4
FCC21WPACXX:1:1101:12111:57225#GAGGTTCA/1	ACTINO98_YP_001360448-NC_009664	43.5	23	13	0	82	14	112	134	3.7e-01	28.5
FCC21WPACXX:1:1101:14501:57515#GAGGTTCA/1	CHLAM180_P637501318	65.6	32	11	0	99	4	76	107	4.5e-07	48.1
FCC21WPACXX:1:1101:11379:57927#GAGGTTCA/1	ACTINO99_GEBA2501601708	52.2	23	11	0	32	100	207	229	1.4e+00	26.6
FCC21WPACXX:1:1101:20891:58442#GAGGTTCA/1	P639788562	84.4	32	5	0	98	3	113	144	3.8e-11	61.6
FCC21WPACXX:1:1101:5378:58746#GAGGTTCA/1	ALPHA23_P637368333	94.4	18	1	0	45	98	825	842	5.9e-04	37.7
FCC21WPACXX:1:1101:14480:58529#GAGGTTCA/1	BETA290_P643654181	84.8	33	5	0	100	2	9	41	2.6e-10	58.9
FCC21WPACXX:1:1101:19163:58920#GAGGTTCA/1	GEBA2500933797	53.8	26	12	0	17	94	74	99	2.8e-01	28.9
FCC21WPACXX:1:1101:9544:59383#GAGGTTCA/1	FIRM81_P641714145	62.5	16	6	0	52	5	120	135	8.2e-01	27.3
FCC21WPACXX:1:1101:9188:60850#GAGGTTCA/1	DELTA74_P640551218	68.8	32	10	0	98	3	46	77	5.7e-07	47.8
FCC21WPACXX:1:1101:20149:60770#GAGGTTCA/1	GAMMA37_P639721606	69.7	33	10	0	1	99	51	83	4.8e-09	54.7
FCC21WPACXX:1:1101:12386:61082#GAGGTTCA/1	GAMMA41_P637283335	81.2	16	3	0	99	52	56	71	1.8e-03	36.2
FCC21WPACXX:1:1101:15184:61059#GAGGTTCA/1	ALPHA44_P637671997	48.5	33	17	0	2	100	17	49	2.5e-05	42.4
FCC21WPACXX:1:1101:15548:61494#GAGGTTCA/1	BETA220_P637810858	91.3	23	2	0	78	10	87	109	2.6e-07	48.9
FCC21WPACXX:1:1101:18013:61467#GAGGTTCA/1	ACTINO91_NP_737161-NC_004369	45.5	33	16	1	3	95	14	46	2.3e+00	25.8
FCC21WPACXX:1:1101:17406:60207#GAGGTTCA/1	GAMMA72_P637489684	46.4	28	15	0	91	8	141	168	1.1e+00	26.9
FCC21WPACXX:1:1101:20487:60142#GAGGTTTA/1	BETA276_P637919045	96.4	28	1	0	2	85	152	179	4.4e-10	58.2
FCC21WPACXX:1:1101:12047:60289#GAGGTTCA/1	P643738931	75.0	32	8	0	3	98	69	100	4.7e-09	54.7
FCC21WPACXX:1:1101:3153:61787#GAGGTTCA/1	ARCH80_P640788405	35.1	37	19	1	96	1	92	128	6.3e-01	27.7
FCC21WPACXX:1:1101:7907:61936#GAGGTTCA/1	BARIO131_P640758678	71.9	32	9	0	3	98	680	711	4.7e-09	54.7
FCC21WPACXX:1:1101:7839:62142#GAGGTTCA/1	BETA151_P637941776	84.4	32	5	0	3	98	217	248	5.9e-12	64.3
FCC21WPACXX:1:1101:12151:62250#GAGGTTCA/1	P643868965	46.2	26	14	0	13	90	223	248	2.8e-01	28.9
FCC21WPACXX:1:1101:6630:62473#GAGGTTCA/1	DELTA122_P637483479	78.1	32	7	0	99	4	34	65	2.4e-08	52.4
FCC21WPACXX:1:1101:11001:62305#GAGGTTCA/1	BETA248_P637143037	52.6	19	9	0	27	83	34	52	2.3e+00	25.8
FCC21WPACXX:1:1101:13671:62413#GAGGTTCA/1	DELTA97_P642677280	75.0	32	8	0	2	97	290	321	5.3e-08	51.2
FCC21WPACXX:1:1101:17774:62990#GAGGTTCA/1	ALPHA36_P638145402	59.4	32	13	0	99	4	54	85	3.2e-05	42.0
FCC21WPACXX:1:1101:6025:63052#GAGGTTCA/1	GAMMA72_P642694409	45.5	22	12	0	95	30	623	644	2.3e+00	25.8
FCC21WPACXX:1:1101:1339:63538#GAGGTTCA/1	BETA248_P639849042	97.0	33	1	0	1	99	127	159	1.6e-12	66.2
FCC21WPACXX:1:1101:15892:65047#GAGGTTCA/1	FIRM81_P639671134	65.6	32	11	0	3	98	704	735	3.3e-07	48.5
FCC21WPACXX:1:1101:6002:65507#GAGGTTCA/1	BARIO66_P642716981	73.3	15	4	0	56	100	17	31	1.4e+00	26.6
FCC21WPACXX:1:1101:3113:64083#GAGGTTCA/1	BETA151_P639786214	73.3	30	8	0	91	2	558	587	1.3e-06	46.6
FCC21WPACXX:1:1101:12065:64231#GAGGTTCA/1	FIRM27_P639312156	76.7	30	7	0	2	91	312	341	3.1e-08	52.0
FCC21WPACXX:1:1101:16323:64398#GAGGTTCA/1	THERMO413_P640769086	43.3	30	17	0	97	8	50	79	2.6e-02	32.3
FCC21WPACXX:1:1101:15473:64943#GAGGTTCA/1	THERMO488_P637006777	40.7	27	16	0	16	96	72	98	2.4e+00	25.8
FCC21WPACXX:1:1101:20810:64996#GAGGTTCA/1	CHLAM180_P641533865	90.9	33	3	0	1	99	80	112	3.2e-13	68.6
FCC21WPACXX:1:1101:15373:65204#GAGGTTCA/1	BARIO79_P640761473	62.5	16	6	0	96	49	97	112	8.2e-01	27.3
FCC21WPACXX:1:1101:15822:65960#GAGGTTCA/1	DELTA102_P639702326	71.0	31	9	0	95	3	26	56	3.0e-08	52.0
FCC21WPACXX:1:1101:2718:66055#GAGGTTCA/1	GAMMA22_P643438332	90.9	33	3	0	2	100	23	55	4.6e-12	64.7
FCC21WPACXX:1:1101:3111:66402#GAGGTTCA/1	P643411614	59.4	32	13	0	3	98	40	71	3.7e-06	45.1
FCC21WPACXX:1:1101:11127:66440#GAGGTTCA/1	CHLAM542_P637041707	69.7	33	10	0	100	2	826	858	1.5e-07	49.7
FCC21WPACXX:1:1101:9469:66940#GAGGTTCA/1	ACTINO105_YP_251628-NC_007164	46.9	32	17	0	99	4	80	111	6.1e-04	37.7
FCC21WPACXX:1:1101:20157:66864#GAGGTTCA/1	EPSI190_P637456891	69.2	26	8	0	22	99	33	58	3.9e-03	35.0
FCC21WPACXX:1:1101:10263:67077#GAGGTTCA/1	BETA279_P637681138	77.4	31	7	0	96	4	14	44	1.7e-06	46.2
FCC21WPACXX:1:1101:15555:68254#GAGGTTCA/1	P637372965	69.2	26	8	0	88	11	94	119	4.2e-05	41.6
FCC21WPACXX:1:1101:17454:68391#GAGGTTCA/1	FIRM63_P640856822	76.2	21	5	0	1	63	61	81	1.6e-04	39.7
FCC21WPACXX:1:1101:13377:68735#GAGGTTCA/1	BARIO171_P637844046	59.1	22	9	0	29	94	75	96	4.4e-02	31.6
FCC21WPACXX:1:1101:10332:67630#GAGGTTCA/1	FIRM54_P638139204	88.9	27	3	0	100	20	96	122	3.1e-08	52.0
FCC21WPACXX:1:1101:16926:67776#GAGGGTCA/1	ALPHA43_P637290978	72.7	33	9	0	100	2	187	219	2.4e-08	52.4
FCC21WPACXX:1:1101:3482:68031#GAGGTTCA/1	ACTINO100_YP_479700-NC_007777	45.5	33	17	1	2	97	33	65	1.1e+00	26.9
FCC21WPACXX:1:1101:10064:69571#GAGGTTCA/1	ALPHA39_P640878320	93.9	33	2	0	2	100	209	241	1.0e-14	73.6
FCC21WPACXX:1:1101:10063:69730#GAGGTTCA/1	FIRM75_P637594264	47.8	23	12	0	12	80	64	86	6.1e-01	27.7
FCC21WPACXX:1:1101:10262:69810#GAGGTTCA/1	P643380048	78.1	32	7	0	99	4	168	199	2.2e-09	55.8
FCC21WPACXX:1:1101:9263:70172#GAGGTTCA/1	ALPHA23_P638130206	46.2	26	14	0	1	78	804	829	8.2e-01	27.3
FCC21WPACXX:1:1101:17350:70127#GAGGTTCA/1	ALPHA15_P637671977	54.2	24	11	0	99	28	99	122	4.4e-02	31.6
FCC21WPACXX:1:1101:10077:69134#GAGGTTCA/1	BARIO79_P637556484	78.8	33	7	0	100	2	644	676	2.8e-09	55.5
FCC21WPACXX:1:1101:16997:69021#GAGGTTCA/1	GAMMA36_P643617208	81.2	32	6	0	99	4	34	65	1.7e-09	56.2
FCC21WPACXX:1:1101:15148:70416#GAGGTTCA/1	ALPHA54_P640951372	64.5	31	11	0	1	93	566	596	5.0e-06	44.7
FCC21WPACXX:1:1101:17905:70322#GAGGTTCA/1	BARIO79_P642654494	72.7	33	9	0	1	99	603	635	8.2e-09	53.9
FCC21WPACXX:1:1101:16543:70674#GAGGTTCA/1	FIRM77_P640496627	83.9	31	5	0	2	94	86	116	2.0e-10	59.3
FCC21WPACXX:1:1101:19351:70689#GAGGTTCA/1	BETA226_P637105386	46.2	26	14	0	7	84	216	241	2.2e-01	29.3
FCC21WPACXX:1:1101:6551:70999#GAGGTTCA/1	P637497739	78.1	32	7	0	1	96	5	36	1.1e-08	53.5
FCC21WPACXX:1:1101:16095:70912#GAGGTTCA/1	CYANO265_C637770763	58.8	17	7	0	91	41	203	219	1.1e+00	26.9
FCC21WPACXX:1:1101:14031:71028#GAGGTTCA/1	ALPHA23_P643602262	52.2	23	11	0	92	24	68	90	1.0e+00	26.9
FCC21WPACXX:1:1101:17271:71239#GAGGTTCA/1	P637497746	58.3	24	10	0	3	74	12	35	5.5e-02	31.2
FCC21WPACXX:1:1101:2390:71364#GAGGTTCA/1	CYANO568_C638108046	45.5	33	18	0	1	99	160	192	1.4e-03	36.6
FCC21WPACXX:1:1101:7706:71310#GAGGTTCA/1	BARIO79_P639717018	71.0	31	9	0	95	3	590	620	3.3e-07	48.5
FCC21WPACXX:1:1101:13645:71308#GAGGTTCA/1	ALPHA80_P643599657	51.9	27	13	0	84	4	1	27	8.8e-03	33.9
FCC21WPACXX:1:1101:15318:71740#GAGGTTCA/1	FIRM49_P637625556	64.7	17	6	0	45	95	5	21	4.7e-01	28.1
FCC21WPACXX:1:1101:15960:71671#GAGGTTCA/1	ACTINO116_YP_873300-NC_008578	66.7	15	5	0	75	31	230	244	1.8e+00	26.2
FCC21WPACXX:1:1101:5881:72029#GAGGTTCA/1	GAMMA72_P637170493	40.7	27	16	0	8	88	762	788	3.7e-01	28.5
FCC21WPACXX:1:1101:8298:72022#GAGGTTCA/1	DELTA107_P641352366	93.5	31	2	0	95	3	83	113	1.1e-10	60.1
FCC21WPACXX:1:1101:12382:72501#GAGGTTCA/1	BETA151_P641363363	57.1	21	9	0	84	22	306	326	4.8e-01	28.1
FCC21WPACXX:1:1101:12358:72509#GAGGTTCA/1	BETA151_P641671622	50.0	22	11	0	29	94	276	297	2.4e+00	25.8
FCC21WPACXX:1:1101:19979:72537#GAGGTTCA/1	ACTINO107_GEBA2501486991	96.9	32	1	0	99	4	115	146	4.6e-12	64.7
FCC21WPACXX:1:1101:7049:72898#GAGGTTCA/1	P637497733	53.3	30	14	0	3	92	47	76	8.5e-03	33.9
FCC21WPACXX:1:1101:2872:73121#GAGGTTCA/1	CYANO498_C643479287	42.9	28	16	0	100	17	93	120	1.4e+00	26.6
FCC21WPACXX:1:1101:15111:73138#GAGGTTCA/1	BARIO244_P640758973	84.8	33	5	0	99	1	224	256	2.7e-12	65.5
FCC21WPACXX:1:1101:8834:73373#GAGGTTCA/1	DELTA175_P643581470	57.7	26	11	0	1	78	101	126	1.4e-03	36.6
FCC21WPACXX:1:1101:10038:73287#GAGGTTCA/1	FIRM54_P637263768	96.0	25	1	0	2	76	98	122	1.5e-07	49.7
FCC21WPACXX:1:1101:19414:73327#GAGGTTCA/1	BETA237_P637678770	75.8	33	8	0	100	2	52	84	4.8e-09	54.7
FCC21WPACXX:1:1101:7537:73720#GAGGTTCA/1	P637972962	81.0	21	4	0	3	65	105	125	2.8e-06	45.4
FCC21WPACXX:1:1101:10572:73586#GAGGTTCA/1	DELTA103_P638024665	61.1	18	7	0	7	60	28	45	1.8e+00	26.2
FCC21WPACXX:1:1101:5633:73865#GAGGTTCA/1	CHLAM76_P637501100	45.2	31	17	0	98	6	39	69	1.7e-03	36.2
FCC21WPACXX:1:1101:9972:74046#GAGGTTCA/1	BETA166_P637680211	87.5	32	4	0	3	98	51	82	1.2e-09	56.6
FCC21WPACXX:1:1101:19596:74011#GAGGTTCA/1	CYANO265_C640546922	55.6	18	8	0	2	55	187	204	6.3e-01	27.7
FCC21WPACXX:1:1101:9137:74362#GAGGTTCA/1	BETA226_P637942091	93.8	32	2	0	3	98	733	764	1.3e-11	63.2
FCC21WPACXX:1:1101:4298:74688#GAGGTTCA/1	DELTA101_P643535089	97.0	33	1	0	2	100	234	266	1.2e-15	76.6
FCC21WPACXX:1:1101:17333:74681#GAGGTTCA/1	BARIO176_P640758966	87.5	32	4	0	98	3	14	45	1.9e-10	59.3
FCC21WPACXX:1:1101:19341:74702#GAGGTTCA/1	FIRM15_P641685711	100.0	21	0	0	1	63	110	130	2.9e-06	45.4
FCC21WPACXX:1:1101:9098:74905#GAGGTTCA/1	BETA166_P637841696	63.6	33	12	0	1	99	44	76	1.4e-05	43.1
FCC21WPACXX:1:1101:5489:75150#GAGGTTCA/1	GAMMA35_P639712903	67.9	28	9	0	2	85	25	52	1.1e-05	43.5
FCC21WPACXX:1:1101:6857:75135#GAGGTTCA/1	CYANO265_C640085184	39.3	28	17	0	98	15	363	390	1.4e+00	26.6
FCC21WPACXX:1:1101:1502:75449#GAGGTTCA/1	ACTINO79_GEBA2500927643	41.7	24	14	0	73	2	271	294	1.8e+00	26.2
FCC21WPACXX:1:1101:11363:2964#GAGGTTCA/2	ALPHA39_P641266181	43.5	23	13	0	88	20	194	216	1.4e+00	26.6
FCC21WPACXX:1:1101:16166:2788#GAGGTTCA/2	ACTINO79_YP_001138346-NC_009342	45.5	22	12	0	24	89	688	709	1.8e+00	26.2
FCC21WPACXX:1:1101:3033:3062#GAGGTTCA/2	THERMO274_P640874183	68.8	32	10	0	5	100	88	119	1.3e-06	46.6
FCC21WPACXX:1:1101:18467:1932#GAGGTTCA/2	DELTA110_P638024676	58.8	17	7	0	59	9	40	56	3.6e-01	28.5
FCC21WPACXX:1:1101:3716:2194#GAGGTTCA/2	P643411614	70.4	27	8	0	96	16	49	75	3.8e-06	45.1
FCC21WPACXX:1:1101:4418:2050#GAGGTTCA/2	BARIO156_P640767769	38.5	26	16	0	6	83	74	99	2.3e+00	25.8
FCC21WPACXX:1:1101:19176:2024#GAGGTTCA/2	BARIO140_P640757770	84.8	33	5	0	100	2	125	157	7.9e-12	63.9
FCC21WPACXX:1:1101:2880:3453#GAGGTTCA/2	THERMO495_P640769247	76.2	21	5	0	35	97	91	111	5.5e-05	41.2
FCC21WPACXX:1:1101:7939:3342#GAGGTTCA/2	FIRM50_P641568839	62.5	16	6	0	52	99	23	38	1.7e-01	29.6
FCC21WPACXX:1:1101:17679:3393#GAGGTTCA/2	DELTA110_P638024676	58.8	17	7	0	48	98	40	56	3.6e-01	28.5
FCC21WPACXX:1:1101:15871:3605#GAGGTTCA/2	P637826790	63.6	33	12	0	99	1	49	81	1.7e-06	46.2
FCC21WPACXX:1:1101:15290:3827#GAGGTTCA/2	BETA226_P637427130	44.0	25	14	0	5	79	626	650	8.2e-01	27.3
FCC21WPACXX:1:1101:16355:3925#GAGGTTCA/2	GAMMA4_P643873583	56.2	32	14	0	1	96	15	46	1.0e-06	47.0
FCC21WPACXX:1:1101:6191:4367#GAGGGTCA/2	THERMI33_P637036696	69.6	23	7	0	73	5	257	279	9.4e-05	40.4
FCC21WPACXX:1:1101:11777:5058#GAGGTTCA/2	BARIO172_P637229666	63.2	19	7	0	91	35	112	130	1.3e-01	30.0
FCC21WPACXX:1:1101:18008:5236#GAGGTTCA/2	BARIO79_P642716345	72.0	25	7	0	100	26	1019	1043	6.5e-06	44.3
FCC21WPACXX:1:1101:19945:5216#GAGGTTCA/2	FIRM57_P643428606	67.9	28	9	0	15	98	10	37	4.1e-05	41.6
FCC21WPACXX:1:1101:19654:5289#GAGGTTCA/2	DELTA124_P637483481	74.2	31	8	0	100	8	40	70	3.7e-09	55.1
FCC21WPACXX:1:1101:16746:5969#GAGGTTCA/2	GAMMA72_P640901709	40.0	30	18	0	7	96	108	137	1.1e+00	26.9
FCC21WPACXX:1:1101:7143:6043#GAGGTTCA/2	P642686930	65.2	23	8	0	1	69	39	61	2.1e-04	39.3
FCC21WPACXX:1:1101:18599:6232#GAGGTTCA/2	BETA171_P640470194	83.9	31	5	0	6	98	90	120	3.6e-09	55.1
FCC21WPACXX:1:1101:12967:6447#GAGGTTCA/2	DELTA74_P637782003	76.9	26	6	0	1	78	179	204	8.2e-09	53.9
FCC21WPACXX:1:1101:6569:6876#GAGGTTCA/2	ALPHA110_P638141262	41.7	24	14	0	9	80	22	45	3.6e-01	28.5
FCC21WPACXX:1:1101:12228:6787#GAGGTTCA/2	DELTA108_P637750304	66.7	33	11	0	99	1	137	169	5.9e-07	47.8
FCC21WPACXX:1:1101:6303:7116#GAGGTTCA/2	FIRM47_P640785317	47.8	23	12	0	70	2	69	91	1.7e-01	29.6
FCC21WPACXX:1:1101:14176:7212#GAGGTTCA/2	GAMMA99_P641234695	41.9	31	18	0	6	98	39	69	1.3e-03	36.6
FCC21WPACXX:1:1101:18467:7127#GAGGTTCA/2	ALPHA23_P642662175	44.4	27	15	0	5	85	220	246	2.8e-01	28.9
FCC21WPACXX:1:1101:6772:7523#GAGGTTCA/2	BARIO177_P643422727	60.0	30	12	0	92	3	92	121	4.5e-04	38.1
FCC21WPACXX:1:1101:3922:7821#GAGGTTCA/2	P637497735	70.4	27	8	0	95	15	29	55	1.4e-05	43.1
FCC21WPACXX:1:1101:4647:7759#GAGGTTCA/2	ACTINO90_YP_885854-NC_008596	48.3	29	14	1	3	86	184	212	8.0e-01	27.3
FCC21WPACXX:1:1101:11321:8142#GAGGTTCA/2	P640537631	100.0	28	0	0	15	98	23	50	1.7e-11	62.8
FCC21WPACXX:1:1101:13853:8171#GAGGTTCA/2	SPIRO87_P639637945	47.6	21	11	0	70	8	38	58	1.4e+00	26.6
FCC21WPACXX:1:1101:16883:8072#GAGGTTCA/2	BETA171_P637918412	100.0	15	0	0	9	53	1	15	2.5e-02	32.3
FCC21WPACXX:1:1101:16582:8856#GAGGTTCA/2	BARIO79_P638073412	66.7	30	10	0	10	99	898	927	1.3e-06	46.6
FCC21WPACXX:1:1101:17383:9064#GAGGTTCA/2	BARIO131_P638071127	51.6	31	14	1	98	9	749	779	4.2e-02	31.6
FCC21WPACXX:1:1101:6014:9748#GAGGTTCA/2	DELTA108_P643535080	93.5	31	2	0	1	93	116	146	2.7e-12	65.5
FCC21WPACXX:1:1101:15102:9677#GAGGTTCA/2	FIRM81_P637347034	40.0	25	15	0	15	89	102	126	2.3e+00	25.8
FCC21WPACXX:1:1101:8546:9912#GAGGTTCA/2	FIRM47_P637263753	64.0	25	9	0	77	3	87	111	3.8e-03	35.0
FCC21WPACXX:1:1101:19267:10169#GAGGTTCA/2	ALPHA23_P641269492	36.4	33	21	0	100	2	84	116	2.2e-01	29.3
FCC21WPACXX:1:1101:2871:10707#GAGGTTCA/2	GAMMA4_P637835508	70.0	30	9	0	98	9	80	109	3.0e-08	52.0
FCC21WPACXX:1:1101:18952:10698#GAGGTTCA/2	BARIO131_P640511211	75.0	28	7	0	17	100	741	768	6.9e-08	50.8
FCC21WPACXX:1:1101:19549:10845#GAGGTTCA/2	FIRM58_P637594128	42.3	26	15	0	99	22	82	107	2.6e-02	32.3
FCC21WPACXX:1:1101:6057:11111#GAGGTTCA/2	BARIO182_P639766981	52.6	19	9	0	4	60	170	188	1.1e+00	26.9
FCC21WPACXX:1:1101:17365:11023#GAGGTTCA/2	ALPHA110_P643619563	42.3	26	15	0	84	7	13	38	3.7e-01	28.5
FCC21WPACXX:1:1101:16808:11291#GAGGTTCA/2	P637037843	93.5	31	2	0	99	7	220	250	9.4e-13	67.0
FCC21WPACXX:1:1101:17032:11424#GAGGGTCA/2	EPSI443_P640823136	43.5	23	13	0	69	1	643	665	1.4e+00	26.6
FCC21WPACXX:1:1101:4621:11595#GAGGTTCA/2	BARIO168_P642669801	40.6	32	17	1	90	1	20	51	6.3e-01	27.7
FCC21WPACXX:1:1101:7282:11545#GAGGTTCA/2	P638024656	100.0	15	0	0	55	99	1	15	2.0e-02	32.7
FCC21WPACXX:1:1101:12819:11644#GAGGTTCA/2	FIRM58_P639677349	78.6	28	6	0	1	84	129	156	3.1e-08	52.0
FCC21WPACXX:1:1101:15008:11594#GAGGTTCA/2	GAMMA43_P638125199	68.8	16	5	0	22	69	164	179	2.4e+00	25.8
FCC21WPACXX:1:1101:11876:11998#GAGGTTCA/2	BARIO165_P639719676	90.0	20	2	0	3	62	50	69	4.1e-05	41.6
FCC21WPACXX:1:1101:18551:11906#GAGGTTCA/2	CHLOFL189_P643567288	50.0	26	12	1	2	76	206	231	2.4e+00	25.8
FCC21WPACXX:1:1101:5212:12046#GAGGTTCA/2	GAMMA36_P642702050	81.8	33	6	0	100	2	140	172	6.7e-11	60.8
FCC21WPACXX:1:1101:11365:12332#GAGGTTCA/2	DELTA105_P641352369	83.3	18	3	0	29	82	120	137	2.6e-03	35.4
FCC21WPACXX:1:1101:5073:12665#GAGGTTCA/2	GEBA2500933797	50.0	24	12	0	100	29	80	103	1.3e-01	30.0
FCC21WPACXX:1:1101:9907:12616#GAGGTTCA/2	DELTA124_P637483481	87.5	32	4	0	5	100	20	51	3.6e-12	65.1
FCC21WPACXX:1:1101:13495:13386#GAGGTTCA/2	BARIO190_P640766550	62.5	24	9	0	77	6	4	27	5.0e-03	34.7
FCC21WPACXX:1:1101:3363:13637#GAGGTTCA/2	ALPHA15_P637901543	41.7	24	14	0	29	100	49	72	1.1e+00	26.9
FCC21WPACXX:1:1101:14376:12958#GAGGTTCA/2	BETA237_P643700263	100.0	27	0	0	1	81	63	89	9.7e-10	57.0
FCC21WPACXX:1:1101:15161:13221#GAGGTTCA/2	THERMI917_P637034619	84.8	33	5	0	2	100	88	120	9.7e-10	57.0
FCC21WPACXX:1:1101:15670:13244#GAGGTTCA/2	DELTA97_P643534978	66.7	15	5	0	56	12	156	170	4.7e-01	28.1
FCC21WPACXX:1:1101:5085:14309#GAGGTTCA/2	BARIO171_P637411170	73.3	30	8	0	99	10	160	189	2.8e-09	55.5
FCC21WPACXX:1:1101:6923:14367#GAGGTTCA/2	ARCH62_P640534954	47.6	21	11	0	38	100	35	55	1.8e+00	26.2
FCC21WPACXX:1:1101:17198:14319#GAGGTTCA/2	BARIO170_P642656032	66.7	27	9	0	92	12	2	28	2.0e-04	39.3
FCC21WPACXX:1:1101:6064:14521#GAGGTTCA/2	GAMMA72_P639724483	39.3	28	17	0	15	98	254	281	1.4e+00	26.6
FCC21WPACXX:1:1101:11804:15512#GAGGTTCA/2	DELTA29_P643580844	51.9	27	13	0	18	98	100	126	1.6e-01	29.6
FCC21WPACXX:1:1101:13837:15868#GAGGTTCA/2	BARIO182_P639719698	61.3	31	12	0	93	1	149	179	3.8e-06	45.1
FCC21WPACXX:1:1101:4029:16136#GAGGTTCA/2	ALPHA36_P637628306	56.7	30	13	0	7	96	31	60	5.5e-05	41.2
FCC21WPACXX:1:1101:14801:16202#GAGGTTCA/2	FIRM49_P643727315	61.5	26	9	1	100	23	60	84	1.5e-02	33.1
FCC21WPACXX:1:1101:1437:16417#GAGGTTCA/2	ACTINO108_GEBA2500941319	61.3	31	12	0	99	7	63	93	1.7e-06	46.2
FCC21WPACXX:1:1101:9163:15356#GAGGTTCA/2	BETA248_P639821550	100.0	15	0	0	46	2	204	218	5.2e-03	34.7
FCC21WPACXX:1:1101:12489:15299#GAGGTTCA/2	BETA278_P643700277	100.0	29	0	0	8	94	96	124	3.9e-11	61.6
FCC21WPACXX:1:1101:16756:15311#GAGGTTCA/2	FIRM47_P641375260	40.7	27	16	0	16	96	22	48	3.7e-01	28.5
FCC21WPACXX:1:1101:15609:18021#GAGGTTCA/2	P641344995	93.9	33	2	0	100	2	68	100	2.5e-13	68.9
FCC21WPACXX:1:1101:20070:18102#GAGGTTCA/2	ALPHA76_P642713523	100.0	30	0	0	100	11	35	64	4.6e-12	64.7
FCC21WPACXX:1:1101:1661:18447#GAGGTTCA/2	DELTA110_P638024676	75.0	32	8	0	98	3	102	133	5.2e-08	51.2
FCC21WPACXX:1:1101:9620:18313#GAGGTTCA/2	BETA226_P637112541	87.9	33	4	0	2	100	650	682	2.6e-10	58.9
FCC21WPACXX:1:1101:7563:17163#GAGGTTCA/2	CHLOFL271_P640893575	72.7	22	6	0	67	2	126	147	1.6e-04	39.7
FCC21WPACXX:1:1101:4550:17414#GAGGTTCA/2	ALPHA36_P642759132	53.1	32	15	0	97	2	42	73	1.8e-03	36.2
FCC21WPACXX:1:1101:16415:17406#GAGGTTCA/2	P640527922	62.1	29	11	0	94	8	403	431	6.1e-04	37.7
FCC21WPACXX:1:1101:9447:17504#GAGGTTCA/2	FIRM51_P639653842	45.8	24	13	0	15	86	130	153	2.3e+00	25.8
FCC21WPACXX:1:1101:19173:17663#GAGGTTCA/2	ALPHA39_P637509354	53.3	30	14	0	100	11	94	123	1.5e-02	33.1
FCC21WPACXX:1:1101:15755:18509#GAGGTTCA/2	FIRM81_P643715417	70.0	30	9	0	10	99	560	589	4.5e-07	48.1
FCC21WPACXX:1:1101:19450:18507#GAGGTTCA/2	ACTINO47_NP_938813-NC_002935	47.4	19	10	0	2	58	58	76	1.8e+00	26.2
FCC21WPACXX:1:1101:10491:16387#GAGGTTCA/2	BETA226_P637916954	83.9	31	5	0	95	3	650	680	3.0e-08	52.0
FCC21WPACXX:1:1101:2916:16645#GAGGTTCA/2	P642686914	94.1	17	1	0	52	2	22	38	4.7e-04	38.1
FCC21WPACXX:1:1101:3658:16793#GAGGTTCA/2	BARIO79_P642682919	63.6	22	8	0	90	25	74	95	6.3e-01	27.7
FCC21WPACXX:1:1101:14619:16807#GAGGTTCA/2	DELTA97_P637783535	79.3	29	6	0	100	14	60	88	2.4e-08	52.4
FCC21WPACXX:1:1101:2531:17074#GAGGTTCA/2	BETA226_P637977416	41.9	31	18	0	99	7	125	155	4.8e-01	28.1
FCC21WPACXX:1:1101:18466:19307#GAGGTTCA/2	ACTINO104_YP_872067-NC_008578	75.0	16	4	0	18	65	109	124	4.7e-01	28.1
FCC21WPACXX:1:1101:15327:19663#GAGGTTCA/2	BETA278_P637918626	95.5	22	1	0	75	10	1	22	3.8e-06	45.1
FCC21WPACXX:1:1101:11950:20033#GAGGTTCA/2	BETA248_P637455041	85.0	20	3	0	4	63	49	68	4.7e-04	38.1
FCC21WPACXX:1:1101:1440:20324#GAGGTTCA/2	ALPHA54_P637822992	60.9	23	9	0	92	24	684	706	7.2e-02	30.8
FCC21WPACXX:1:1101:7630:20393#GAGGTTCA/2	BARIO176_P638073140	50.0	26	13	0	82	5	34	59	2.8e-01	28.9
FCC21WPACXX:1:1101:8832:20289#GAGGTTCA/2	ALPHA23_P640072396	45.5	33	17	1	99	1	90	121	9.7e-02	30.4
FCC21WPACXX:1:1101:7979:20716#GAGGTTCA/2	BARIO155_P642668055	76.7	30	7	0	100	11	98	127	5.3e-08	51.2
FCC21WPACXX:1:1101:10820:21487#GAGGTTCA/2	ALPHA35_P642759137	78.8	33	7	0	1	99	32	64	1.1e-08	53.5
FCC21WPACXX:1:1101:12254:21419#GAGGTTCA/2	FIRM55_P643448664	82.4	17	3	0	48	98	18	34	5.0e-03	34.7
FCC21WPACXX:1:1101:6148:21692#GAGGTTCA/2	DELTA101_P640843423	51.7	29	14	0	91	5	1	29	3.9e-03	35.0
FCC21WPACXX:1:1101:10288:21888#GAGGTTCA/2	BETA151_P643699942	87.1	31	4	0	2	94	238	268	1.4e-08	53.1
FCC21WPACXX:1:1101:19756:23572#GAGGTTCA/2	DELTA104_P641352370	92.0	25	2	0	81	7	1	25	4.4e-10	58.2
FCC21WPACXX:1:1101:17727:23902#GAGGTTCA/2	BETA253_P639833197	87.5	32	4	0	4	99	165	196	2.0e-10	59.3
FCC21WPACXX:1:1101:18288:23933#GAGGTTCA/2	FIRM81_P637598038	69.7	33	10	0	99	1	357	389	6.9e-08	50.8
FCC21WPACXX:1:1101:19953:24068#GAGGTTCA/2	CHLOFL17_P640597347	37.9	29	18	0	8	94	107	135	1.4e+00	26.6
FCC21WPACXX:1:1101:8136:24270#GAGGTTCA/2	P640907579	86.2	29	4	0	100	14	167	195	1.7e-09	56.2
FCC21WPACXX:1:1101:9020:22388#GAGGTTCA/2	BARIO189_P639719232	89.7	29	3	0	12	98	136	164	2.1e-09	55.8
FCC21WPACXX:1:1101:19561:22374#GAGGTTCA/2	GAMMA37_P643528750	59.4	32	13	0	98	3	17	48	6.3e-06	44.3
FCC21WPACXX:1:1101:2784:22718#GAGGTTCA/2	GAMMA38_P637171508	86.7	15	2	0	54	98	75	89	1.6e-01	29.6
FCC21WPACXX:1:1101:7121:22982#GAGGTTCA/2	DELTA74_P637751522	61.9	21	8	0	1	63	207	227	7.4e-02	30.8
FCC21WPACXX:1:1101:14244:22753#GAGGTTCA/2	ACTINO89_YP_001824327-NC_010572	38.5	26	16	0	92	15	107	132	1.8e+00	26.2
FCC21WPACXX:1:1101:18403:22805#GAGGTTCA/2	P639821816	76.7	30	7	0	10	99	17	46	3.1e-08	52.0
FCC21WPACXX:1:1101:3660:23071#GAGGTTCA/2	BETA309_P641295454	83.3	18	3	0	98	45	169	186	2.6e-04	38.9
FCC21WPACXX:1:1101:6883:23317#GAGGTTCA/2	DELTA110_P643640922	64.3	28	10	0	87	4	73	100	4.7e-04	38.1
FCC21WPACXX:1:1101:9049:23363#GAGGTTCA/2	ALPHA34_P637671778	48.3	29	14	1	88	2	174	201	2.2e-01	29.3
FCC21WPACXX:1:1101:5727:23574#GAGGTTCA/2	FIRM53_P640526273	76.5	17	4	0	97	47	165	181	2.2e-01	29.3
FCC21WPACXX:1:1101:7419:23645#GAGGTTCA/2	ALPHA88_P641233736	86.4	22	3	0	84	19	2	23	1.3e-06	46.6
FCC21WPACXX:1:1101:11142:25151#GAGGTTCA/2	ALPHA54_P639646139	53.8	26	12	0	5	82	269	294	1.3e-01	30.0
FCC21WPACXX:1:1101:13945:25478#GAGGTTCA/2	ALPHA23_P637827906	32.1	28	19	0	1	84	478	505	2.4e+00	25.8
FCC21WPACXX:1:1101:2599:25881#GAGGTTCA/2	P637919993	71.0	31	9	0	100	8	30	60	1.1e-08	53.5
FCC21WPACXX:1:1101:11419:24641#GAGGTTCA/2	CHLAM257_P637501549	100.0	31	0	0	7	99	21	51	3.6e-12	65.1
FCC21WPACXX:1:1101:3486:24832#GAGGTTCA/2	ARCH36_P638207712	44.4	27	15	0	89	9	44	70	3.2e-02	32.0
FCC21WPACXX:1:1101:14313:24922#GAGGTTCA/2	CHLOFL143_P640529802	88.9	27	3	0	83	3	1	27	1.8e-08	52.8
FCC21WPACXX:1:1101:14689:25990#GAGGTTCA/2	P640884224	77.4	31	7	0	98	6	45	75	2.5e-10	58.9
FCC21WPACXX:1:1101:2414:26069#GAGGTTCA/2	GAMMA72_P642701775	78.6	28	6	0	10	93	396	423	3.8e-06	45.1
FCC21WPACXX:1:1101:12159:26113#GAGGTTCA/2	ACTINO116_YP_882916-NC_008595	52.2	23	11	0	79	11	254	276	8.2e-01	27.3
FCC21WPACXX:1:1101:16714:26412#GAGGTTCA/2	P643700255	100.0	32	0	0	98	3	57	88	3.5e-12	65.1
FCC21WPACXX:1:1101:5797:26695#GAGGTTCA/2	P637497734	79.3	29	6	0	96	10	74	102	8.2e-09	53.9
FCC21WPACXX:1:1101:4893:26794#GAGGTTCA/2	GAMMA99_P642702027	93.3	30	2	0	100	11	10	39	4.6e-12	64.7
FCC21WPACXX:1:1101:13369:26760#GAGGTTCA/2	GEBA2500936710	44.0	25	14	0	83	9	75	99	6.1e-01	27.7
FCC21WPACXX:1:1101:17365:26787#GAGGTTCA/2	FIRM46_P641685703	77.4	31	7	0	7	99	16	46	5.7e-10	57.8
FCC21WPACXX:1:1101:8689:27405#GAGGTTCA/2	ACTINO95_GEBA2501580537	76.9	26	6	0	22	99	3	28	1.3e-06	46.6
FCC21WPACXX:1:1101:1632:27679#GAGGTTCA/2	THERMO508_P640769232	56.2	32	12	1	1	96	94	123	4.4e-02	31.6
FCC21WPACXX:1:1101:2331:27553#GAGGTTCA/2	FIRM81_P640496402	46.7	30	16	0	10	99	285	314	4.4e-02	31.6
FCC21WPACXX:1:1101:5976:27707#GAGGTTCA/2	DELTA106_P642676757	60.9	23	9	0	2	70	7	29	5.7e-02	31.2
FCC21WPACXX:1:1101:19637:28877#GAGGTTCA/2	CHLAM183_P637501322	60.6	33	13	0	100	2	49	81	3.8e-06	45.1
FCC21WPACXX:1:1101:20588:28972#GAGGTTCA/2	BARIO140_P639720284	88.9	27	3	0	20	100	269	295	9.7e-10	57.0
FCC21WPACXX:1:1101:7072:29416#GAGGTTCA/2	DELTA104_P637127540	77.3	22	5	0	69	4	54	75	6.1e-04	37.7
FCC21WPACXX:1:1101:12701:29479#GAGGTTCA/2	ACTINO98_YP_001360448-NC_009664	43.5	23	13	0	78	10	112	134	3.7e-01	28.5
FCC21WPACXX:1:1101:10704:30617#GAGGTTCA/2	ALPHA54_P640881183	50.0	24	12	0	83	12	483	506	1.8e+00	26.2
FCC21WPACXX:1:1101:20961:30607#GAGGTTCA/2	ACTINO26_YP_905606-NC_008611	57.9	19	8	0	61	5	50	68	2.4e+00	25.8
FCC21WPACXX:1:1101:21214:30639#GAGGTTCA/2	BETA151_P639839463	71.0	31	9	0	5	97	726	756	2.9e-06	45.4
FCC21WPACXX:1:1101:2185:30823#GAGGTTCA/2	P639788562	53.3	30	14	0	11	100	66	95	1.6e-04	39.7
FCC21WPACXX:1:1101:4343:30915#GAGGTTCA/2	ACTINO99_NP_737138-NC_004369	41.4	29	17	0	12	98	207	235	2.3e+00	25.8
FCC21WPACXX:1:1101:6459:31020#GAGGTTCA/2	ACTINO93_YP_644897-NC_008148	70.0	30	9	0	98	9	8	37	9.7e-07	47.0
FCC21WPACXX:1:1101:5049:31390#GAGGTTCA/2	GAMMA72_P638078397	37.5	32	20	0	5	100	183	214	7.4e-02	30.8
FCC21WPACXX:1:1101:17651:31373#GAGGTTCA/2	BARIO140_P642717896	73.3	30	8	0	10	99	249	278	9.7e-10	57.0
FCC21WPACXX:1:1101:21147:28094#GAGGTTCA/2	BARIO131_P642669237	69.0	29	9	0	89	3	102	130	3.7e-06	45.1
FCC21WPACXX:1:1101:11743:28592#GAGGTTCA/2	ALPHA37_P637287979	56.2	32	14	0	100	5	11	42	3.8e-06	45.1
FCC21WPACXX:1:1101:12228:31830#GAGGTTCA/2	GAMMA72_P640164422	61.1	18	7	0	99	46	229	246	1.4e+00	26.6
FCC21WPACXX:1:1101:4224:32152#GAGGTTCA/2	DELTA111_P641352359	93.1	29	2	0	99	13	44	72	7.4e-10	57.4
FCC21WPACXX:1:1101:1594:32300#GAGGTTCA/2	BETA253_P637918620	85.7	28	4	0	100	17	121	148	1.5e-07	49.7
FCC21WPACXX:1:1101:2119:32335#GAGGTTCA/2	ACTINO79_YP_923657-NC_008699	80.0	15	3	0	3	47	610	624	1.4e+00	26.6
FCC21WPACXX:1:1101:10419:32442#GAGGTTCA/2	CHLOFL271_P643567980	69.2	26	5	1	3	71	213	238	6.5e-03	34.3
FCC21WPACXX:1:1101:8499:29625#GAGGTTCA/2	BARIO165_P639719676	90.0	20	2	0	4	63	50	69	4.2e-05	41.6
FCC21WPACXX:1:1101:17849:29688#GAGGTTCA/2	GAMMA4_P638126619	86.7	30	4	0	10	99	2	31	3.9e-11	61.6
FCC21WPACXX:1:1101:5625:32525#GAGGTTCA/2	ALPHA36_P638067563	60.0	30	12	0	9	98	47	76	9.1e-05	40.4
FCC21WPACXX:1:1101:8369:32691#GAGGTTCA/2	BETA224_P637810868	71.9	32	9	0	5	100	106	137	7.4e-10	57.4
FCC21WPACXX:1:1101:14137:32644#GAGGTTCA/2	FIRM47_P641246706	43.8	32	18	0	3	98	29	60	5.0e-03	34.7
FCC21WPACXX:1:1101:19538:32565#GAGGTTCA/2	ACTINO90_GEBA2501562820	45.2	31	16	1	11	100	123	153	2.4e+00	25.8
FCC21WPACXX:1:1101:21017:32977#GAGGTTCA/2	SPIRO100_P637495666	93.3	30	2	0	9	98	56	85	4.2e-10	58.2
FCC21WPACXX:1:1101:8437:33100#GAGGTTCA/2	P639850074	73.3	30	8	0	6	95	61	90	1.3e-06	46.6
FCC21WPACXX:1:1101:12495:33180#GAGGTTCA/2	FIRM56_P639677469	100.0	30	0	0	98	9	127	156	1.9e-10	59.3
FCC21WPACXX:1:1101:6372:33616#GAGGTTCA/2	FIRM62_P641294801	57.1	28	12	0	15	98	19	46	4.5e-04	38.1
FCC21WPACXX:1:1101:9624:33519#GAGGTTCA/2	FIRM81_P640496402	67.7	31	10	0	100	8	548	578	1.9e-05	42.7
FCC21WPACXX:1:1101:19334:33933#GAGGTTCA/2	ACTINO102_YP_644908-NC_008148	66.7	33	11	0	100	2	227	259	2.8e-09	55.5
FCC21WPACXX:1:1101:18591:34085#GAGGTTCA/2	P637678778	63.6	22	8	0	100	35	83	104	7.9e-04	37.4
FCC21WPACXX:1:1101:7207:34356#GAGGTTCA/2	ALPHA39_P637372978	56.5	23	10	0	22	90	28	50	3.3e-02	32.0
FCC21WPACXX:1:1101:15327:34443#GAGGTTCA/2	ALPHA15_P637372971	92.6	27	2	0	84	4	49	75	3.1e-08	52.0
FCC21WPACXX:1:1101:4026:34744#GAGGTTCA/2	YP_924379-NC_008699	37.5	32	19	1	2	97	123	153	1.1e+00	26.9
FCC21WPACXX:1:1101:6659:34942#GAGGTTCA/2	BARIO131_P640763573	61.3	31	12	0	7	99	134	164	9.4e-05	40.4
FCC21WPACXX:1:1101:7513:34925#GAGGTTCA/2	BETA151_P643699942	80.0	30	5	1	89	3	652	681	3.9e-08	51.6
FCC21WPACXX:1:1101:10683:34878#GAGGTTCA/2	P642686933	77.4	31	7	0	100	8	20	50	7.4e-10	57.4
FCC21WPACXX:1:1101:12520:34957#GAGGTTCA/2	ACTINO91_NP_302249-NC_002677	57.9	19	8	0	24	80	73	91	2.3e+00	25.8
FCC21WPACXX:1:1101:5614:36414#GAGGTTCA/2	FIRM27_P640771828	100.0	29	0	0	99	13	211	239	6.7e-11	60.8
FCC21WPACXX:1:1101:7146:36490#GAGGTTCA/2	BETA151_P643699942	91.7	24	2	0	100	29	144	167	5.9e-07	47.8
FCC21WPACXX:1:1101:14178:36452#GAGGTTCA/2	CYANO265_C640085917	41.9	31	18	0	3	95	161	191	1.0e+00	26.9
FCC21WPACXX:1:1101:7072:36958#GAGGTTCA/2	FIRM49_P640770396	50.0	24	12	0	95	24	88	111	1.4e+00	26.6
FCC21WPACXX:1:1101:3365:35678#GAGGTTCA/2	P643418238	45.8	24	13	0	18	89	38	61	1.4e+00	26.6
FCC21WPACXX:1:1101:5566:35550#GAGGTTCA/2	SPIRO156_P637497585	80.0	30	6	0	11	100	325	354	1.8e-08	52.8
FCC21WPACXX:1:1101:16332:35653#GAGGTTCA/2	GAMMA25_P643380047	40.0	25	15	0	13	87	745	769	2.4e+00	25.8
FCC21WPACXX:1:1101:9967:35817#GAGGTTCA/2	BETA166_P639839652	93.5	31	2	0	7	99	161	191	1.8e-11	62.8
FCC21WPACXX:1:1101:5655:36232#GAGGTTCA/2	BETA278_P642626878	32.3	31	21	0	6	98	13	43	2.3e+00	25.8
FCC21WPACXX:1:1101:9358:36238#GAGGTTCA/2	BARIO155_P643422935	86.7	30	4	0	100	11	16	45	3.0e-11	62.0
FCC21WPACXX:1:1101:8965:37192#GAGGTTCA/2	FIRM78_P641294776	82.4	17	3	0	49	99	1	17	1.5e-02	33.1
FCC21WPACXX:1:1101:17648:37062#GAGGTTCA/2	EPSI87_P640928884	44.0	25	14	0	96	22	44	68	1.1e+00	26.9
FCC21WPACXX:1:1101:12678:37416#GAGGTTCA/2	BARIO171_P642726032	48.5	33	17	0	1	99	141	173	5.5e-05	41.2
FCC21WPACXX:1:1101:5913:37679#GAGGTTCA/2	BARIO166_P640508580	82.4	17	3	0	55	5	1	17	1.1e-02	33.5
FCC21WPACXX:1:1101:3631:38159#GAGGTTCA/2	FIRM77_P642642580	46.2	26	14	0	91	14	139	164	6.3e-01	27.7
FCC21WPACXX:1:1101:6717:38123#GAGGTTCA/2	FIRM75_P641558735	71.4	14	4	0	1	42	79	92	2.4e+00	25.8
FCC21WPACXX:1:1101:10724:38074#GAGGTTCA/2	EPSI366_P637018949	81.2	32	6	0	3	98	45	76	1.4e-10	59.7
FCC21WPACXX:1:1101:17927:38037#GAGGTTCA/2	FIRM77_P641593082	55.2	29	13	0	87	1	127	155	1.9e-05	42.7
FCC21WPACXX:1:1101:11229:38618#GAGGTTCA/2	ACTINO99_YP_711346-NC_008278	40.0	30	18	0	2	91	297	326	1.1e+00	26.9
FCC21WPACXX:1:1101:12874:39085#GAGGTTCA/2	BARIO155_P638073026	73.3	30	8	0	92	3	186	215	6.7e-08	50.8
FCC21WPACXX:1:1101:3602:39630#GAGGTTCA/2	FIRM74_P643400347	60.0	30	11	1	100	11	57	85	3.6e-04	38.5
FCC21WPACXX:1:1101:6510:39915#GAGGTTCA/2	GAMMA72_P643522184	38.7	31	19	0	7	99	130	160	1.4e+00	26.6
FCC21WPACXX:1:1101:16188:40137#GAGGTTCA/2	SPIRO99_P642686949	76.7	30	7	0	100	11	184	213	9.1e-08	50.4
FCC21WPACXX:1:1101:6977:40691#GAGGTTCA/2	ALPHA34_P637671778	48.3	29	14	1	9	95	174	201	2.1e-01	29.3
FCC21WPACXX:1:1101:2783:42025#GAGGTTCA/2	CYANO265_C641610765	50.0	22	11	0	3	68	160	181	1.0e+00	26.9
FCC21WPACXX:1:1101:13911:42860#GAGGTTCA/2	EPSI192_P643725370	90.9	22	2	0	66	1	64	85	7.7e-07	47.4
FCC21WPACXX:1:1101:13001:43150#GAGGTTCA/2	P637102168	90.9	22	2	0	32	97	1	22	1.4e-05	43.1
FCC21WPACXX:1:1101:9776:43363#GAGGTTCA/2	P638145393	50.0	26	12	1	95	18	26	50	1.8e+00	26.2
FCC21WPACXX:1:1101:12527:43473#GAGGTTCA/2	GAMMA25_P637285447	72.4	29	8	0	11	97	116	144	2.0e-07	49.3
FCC21WPACXX:1:1101:3475:43508#GAGGTTCA/2	P640878321	78.9	19	4	0	97	41	60	78	3.0e-03	35.4
FCC21WPACXX:1:1101:11090:40563#GAGGTTCA/2	ALPHA39_P640567343	75.0	32	8	0	98	3	216	247	1.2e-09	56.6
FCC21WPACXX:1:1101:14708:40860#GAGGTTCA/2	FIRM47_P640785317	64.5	31	11	0	3	95	80	110	2.0e-07	49.3
FCC21WPACXX:1:1101:2022:41312#GAGGTTCA/2	DELTA98_P641344996	86.4	22	3	0	99	34	89	110	8.5e-06	43.9
FCC21WPACXX:1:1101:1360:43890#GAGGTTCA/2	CHLOFL251_P637702941	71.0	31	9	0	99	7	150	180	9.1e-08	50.4
FCC21WPACXX:1:1101:18220:44136#GAGGTTCA/2	P640807386	41.7	24	14	0	25	96	61	84	2.4e+00	25.8
FCC21WPACXX:1:1101:2381:44304#GAGGTTCA/2	GAMMA35_P637920040	46.9	32	17	0	97	2	22	53	3.0e-03	35.4
FCC21WPACXX:1:1101:11696:42111#GAGGTTCA/2	CYANO265_C637442078	50.0	20	10	0	83	24	416	435	8.0e-01	27.3
FCC21WPACXX:1:1101:17287:42010#GAGGTTCA/2	BARIO172_P639719685	61.3	31	12	0	100	8	69	99	1.9e-05	42.7
FCC21WPACXX:1:1101:9091:42428#GAGGTTCA/2	BARIO191_P640760937	71.0	31	9	0	99	7	95	125	4.1e-08	51.6
FCC21WPACXX:1:1101:11473:42502#GAGGTTCA/2	GAMMA110_P643803542	58.8	17	7	0	93	43	127	143	8.2e-01	27.3
FCC21WPACXX:1:1101:13462:42666#GAGGTTCA/2	BETA276_P639850081	96.9	32	1	0	3	98	99	130	3.1e-13	68.6
FCC21WPACXX:1:1101:5263:42922#GAGGTTCA/2	ACTINO90_YP_948641-NC_008711	90.9	33	3	0	1	99	47	79	1.5e-10	59.7
FCC21WPACXX:1:1101:12975:44684#GAGGTTCA/2	P643411614	64.5	31	11	0	99	7	45	75	7.7e-07	47.4
FCC21WPACXX:1:1101:14197:44563#GAGGTTCA/2	FIRM59_P643782920	86.7	30	4	0	99	10	103	132	1.3e-09	56.6
FCC21WPACXX:1:1101:10512:44934#GAGGTTCA/2	GAMMA72_P639724483	51.9	27	11	1	88	8	101	125	2.8e-01	28.9
FCC21WPACXX:1:1101:10924:45850#GAGGTTCA/2	ALPHA23_P640833392	53.6	28	13	0	1	84	87	114	1.3e-01	30.0
FCC21WPACXX:1:1101:13994:45814#GAGGTTCA/2	FIRM77_P639668818	74.2	31	8	0	7	99	131	161	2.8e-09	55.5
FCC21WPACXX:1:1101:15207:46139#GAGGTTCA/2	DELTA29_P642767296	75.0	32	8	0	99	4	830	861	4.5e-07	48.1
FCC21WPACXX:1:1101:7895:46466#GAGGTTCA/2	ALPHA23_P640833392	43.3	30	17	0	2	91	64	93	4.8e-01	28.1
FCC21WPACXX:1:1101:12229:46368#GAGGTTCA/2	FIRM62_P637539638	39.3	28	17	0	17	100	12	39	1.3e-01	30.0
FCC21WPACXX:1:1101:4883:46654#GAGGTTCA/2	BARIO140_P640757770	60.7	28	11	0	92	9	89	116	4.8e-06	44.7
FCC21WPACXX:1:1101:7206:46625#GAGGTTCA/2	BARIO182_P637150529	81.2	32	6	0	98	3	80	111	4.2e-10	58.2
FCC21WPACXX:1:1101:8401:45593#GAGGTTCA/2	GAMMA41_P637283335	80.0	30	6	0	98	9	224	253	7.2e-10	57.4
FCC21WPACXX:1:1101:13733:45717#GAGGTTCA/2	FIRM81_P637152045	40.0	30	18	0	97	8	47	76	1.4e+00	26.6
FCC21WPACXX:1:1101:2362:45954#GAGGTTCA/2	P643411626	53.1	32	15	0	4	99	61	92	5.2e-03	34.7
FCC21WPACXX:1:1101:4764:45974#GAGGTTCA/2	GAMMA25_P640498979	56.7	30	13	0	99	10	701	730	6.1e-04	37.7
FCC21WPACXX:1:1101:15016:46680#GAGGTTCA/2	ACTINO90_YP_001539070-NC_009953	61.1	18	7	0	75	22	100	117	2.4e+00	25.8
FCC21WPACXX:1:1101:2302:46984#GAGGTTCA/2	P637978712	44.0	25	14	0	75	1	12	36	1.1e+00	26.9
FCC21WPACXX:1:1101:3989:47118#GAGGTTCA/2	ALPHA23_P641705040	54.2	24	11	0	98	27	426	449	3.6e-01	28.5
FCC21WPACXX:1:1101:7638:47220#GAGGTTCA/2	CYANO247_C637873186	58.6	29	12	0	93	7	137	165	2.1e-04	39.3
FCC21WPACXX:1:1101:8140:47423#GAGGTTCA/2	BARIO190_P640510173	90.6	32	3	0	3	98	185	216	6.5e-11	60.8
FCC21WPACXX:1:1101:2210:47869#GAGGTTCA/2	GAMMA100_P640505173	66.7	33	11	0	1	99	171	203	4.5e-07	48.1
FCC21WPACXX:1:1101:4005:48073#GAGGTTCA/2	DELTA94_P637783148	57.1	28	12	0	98	15	14	41	2.0e-04	39.3
FCC21WPACXX:1:1101:7461:48184#GAGGTTCA/2	ARCH96_P640897757	47.8	23	12	0	75	7	280	302	8.2e-01	27.3
FCC21WPACXX:1:1101:9509:48103#GAGGTTCA/2	THERMO58_P637006066	39.3	28	17	0	8	91	282	309	1.1e+00	26.9
FCC21WPACXX:1:1101:8587:48369#GAGGTTCA/2	SPIRO109_P637037875	54.2	24	11	0	96	25	412	435	6.3e-01	27.7
FCC21WPACXX:1:1101:12089:48538#GAGGTTCA/2	DELTA74_P637122095	73.1	26	7	0	3	80	164	189	2.0e-04	39.3
FCC21WPACXX:1:1101:17139:48739#GAGGTTCA/2	DELTA124_P643535102	73.3	30	8	0	93	4	25	54	1.8e-08	52.8
FCC21WPACXX:1:1101:16708:48872#GAGGTTCA/2	DELTA29_P637482132	94.7	19	1	0	42	98	878	896	7.0e-05	40.8
FCC21WPACXX:1:1101:17359:49066#GAGGTTCA/2	BETA151_P643699942	96.9	32	1	0	98	3	167	198	7.7e-12	63.9
FCC21WPACXX:1:1101:7548:49423#GAGGTTCA/2	GAMMA33_P637380509	50.0	30	15	0	97	8	55	84	3.7e-01	28.5
FCC21WPACXX:1:1101:16958:49377#GAGGTTAA/2	BARIO79_P640758114	34.5	29	19	0	14	100	70	98	1.1e+00	26.9
FCC21WPACXX:1:1101:8849:49624#GAGGTTCA/2	BETA180_P639833199	88.5	26	3	0	1	78	163	188	5.3e-08	51.2
FCC21WPACXX:1:1101:7646:50011#GAGGTTCA/2	GAMMA72_P640598369	52.4	21	10	0	33	95	166	186	1.8e+00	26.2
FCC21WPACXX:1:1101:18548:50242#GAGGTTCA/2	BARIO79_P637225985	93.3	30	2	0	100	11	563	592	8.8e-11	60.5
FCC21WPACXX:1:1101:9697:50599#GAGGTTCA/2	GAMMA4_P643873583	55.2	29	13	0	99	13	18	46	4.2e-05	41.6
FCC21WPACXX:1:1101:15580:50736#GAGGTTCA/2	GEBA2501582610	93.8	32	2	0	98	3	496	527	8.5e-11	60.5
FCC21WPACXX:1:1101:5602:50779#GAGGTTCA/2	ACTINO101_YP_001824342-NC_010572	90.9	33	3	0	100	2	6	38	2.5e-13	68.9
FCC21WPACXX:1:1101:15405:50923#GAGGTTCA/2	ACTINO82_GEBA2500929373	51.5	33	13	2	100	5	66	96	8.8e-03	33.9
FCC21WPACXX:1:1101:15729:50825#GAGGTTCA/2	BETA226_P637105386	84.4	32	5	0	99	4	651	682	2.8e-09	55.5
FCC21WPACXX:1:1101:15923:51255#GAGGTTCA/2	ALPHA25_P640552279	48.1	27	14	0	14	94	47	73	2.4e+00	25.8
FCC21WPACXX:1:1101:7569:51603#GAGGTTCA/2	ALPHA110_P641266203	59.4	32	13	0	99	4	102	133	1.5e-07	49.7
FCC21WPACXX:1:1101:16778:51861#GAGGTTCA/2	EPSI252_P643725430	53.1	32	15	0	98	3	3	34	7.0e-05	40.8
FCC21WPACXX:1:1101:7948:52066#GAGGTTCA/2	ACTINO58_GEBA2501580169	63.6	22	8	0	69	4	37	58	1.8e-03	36.2
FCC21WPACXX:1:1101:14812:52005#GAGGTTCA/2	BARIO177_P640760918	80.8	26	5	0	90	13	114	139	5.0e-06	44.7
FCC21WPACXX:1:1101:15610:53047#GAGGTTCA/2	ACTINO94_GEBA2501562815	64.7	17	6	0	82	32	5	21	2.4e+00	25.8
FCC21WPACXX:1:1101:15643:53152#GAGGTTCA/2	BARIO131_P640765526	53.1	32	15	0	98	3	709	740	9.1e-05	40.4
FCC21WPACXX:1:1101:17295:53229#GAGGTTCA/2	ALPHA23_P639769923	66.7	15	5	0	52	96	193	207	2.4e+00	25.8
FCC21WPACXX:1:1101:16707:53457#GAGGTTCA/2	ALPHA15_P637623125	65.5	29	10	0	8	94	1	29	4.2e-05	41.6
FCC21WPACXX:1:1101:2326:53670#GAGGTTCA/2	DELTA94_P637127546	74.2	31	8	0	7	99	142	172	1.1e-08	53.5
FCC21WPACXX:1:1101:2060:54153#GAGGTTCA/2	FIRM52_P643428615	52.4	21	10	0	75	13	111	131	8.2e-01	27.3
FCC21WPACXX:1:1101:8824:54305#GAGGTTCA/2	GAMMA72_P642779471	55.6	18	8	0	82	29	215	232	8.2e-01	27.3
FCC21WPACXX:1:1101:17138:54376#GAGGTTCA/2	THERMO58_P643637163	39.3	28	17	0	3	86	491	518	2.3e+00	25.8
FCC21WPACXX:1:1101:19496:54496#GAGGTTCA/2	GAMMA72_P637425197	48.1	27	14	0	3	83	97	123	1.0e+00	26.9
FCC21WPACXX:1:1101:6186:54869#GAGGTTCA/2	SPIRO86_P637495679	45.5	22	12	0	83	18	65	86	1.4e+00	26.6
FCC21WPACXX:1:1101:19461:54893#GAGGTTCA/2	DELTA94_P643640938	53.1	32	15	0	5	100	5	36	1.9e-05	42.7
FCC21WPACXX:1:1101:1820:55119#GAGGTTCA/2	ACTINO108_GEBA2500941319	63.3	30	11	0	99	10	64	93	2.2e-06	45.8
FCC21WPACXX:1:1101:11631:55141#GAAGTTCA/2	P641593079	50.0	26	12	1	100	26	160	185	1.1e+00	26.9
FCC21WPACXX:1:1101:1192:55252#GAGGTTCA/2	BETA151_P637938916	75.0	32	8	0	99	4	288	319	1.4e-08	53.1
FCC21WPACXX:1:1101:18784:55280#GAGGTTCA/2	P637102178	84.0	25	4	0	98	24	109	133	6.7e-08	50.8
FCC21WPACXX:1:1101:3387:56646#GAGGTTCA/2	P640593250	60.0	30	12	0	99	10	91	120	1.3e-06	46.6
FCC21WPACXX:1:1101:11253:56626#GAGGTTCA/2	BETA226_P637916954	91.3	23	2	0	30	98	846	868	2.2e-06	45.8
FCC21WPACXX:1:1101:2141:56836#GAGGTTCA/2	BARIO182_P640766662	68.8	32	10	0	99	4	15	46	5.9e-07	47.8
FCC21WPACXX:1:1101:8925:56826#GAGGTTCA/2	GAMMA35_P637294236	60.7	28	11	0	11	94	6	33	3.0e-03	35.4
FCC21WPACXX:1:1101:5228:55996#GAGGTTCA/2	ALPHA36_P637330166	90.0	30	3	0	10	99	18	47	3.0e-11	62.0
FCC21WPACXX:1:1101:19859:55921#GAGGTTCA/2	BARIO155_P643422935	81.5	27	5	0	2	82	171	197	7.7e-07	47.4
FCC21WPACXX:1:1101:1451:56091#GAGGTTCA/2	DELTA74_P638026681	43.3	30	15	1	97	14	240	269	2.4e+00	25.8
FCC21WPACXX:1:1101:3821:56046#GAGGTTCA/2	BARIO171_P638073135	73.3	30	8	0	100	11	44	73	1.5e-07	49.7
FCC21WPACXX:1:1101:9837:56051#GAGGTTCA/2	BETA226_P642593519	93.1	29	2	0	1	87	78	106	3.7e-09	55.1
FCC21WPACXX:1:1101:13558:56024#GCGGTTCA/2	THERMO496_P641231989	77.8	27	6	0	82	2	41	67	1.7e-06	46.2
FCC21WPACXX:1:1101:8629:57322#GAGGTTCA/2	BETA226_P643350400	50.0	30	15	0	93	4	201	230	9.7e-02	30.4
FCC21WPACXX:1:1101:2427:57594#GAGGTTCA/2	DELTA101_P637858612	45.5	22	12	0	81	16	68	89	1.4e+00	26.6
FCC21WPACXX:1:1101:14501:57515#GAGGTTCA/2	FIRM55_P640770384	43.8	32	18	0	5	100	52	83	2.6e-02	32.3
FCC21WPACXX:1:1101:18087:57732#GAGGTTCA/2	GAMMA72_P642701775	65.2	23	7	1	3	68	685	707	2.1e-01	29.3
FCC21WPACXX:1:1101:20891:58442#GAGGTTCA/2	P637107227	72.4	29	8	0	13	99	89	117	2.0e-07	49.3
FCC21WPACXX:1:1101:5378:58746#GAGGTTCA/2	ALPHA23_P640517858	92.9	28	2	0	86	3	844	871	1.2e-09	56.6
FCC21WPACXX:1:1101:14480:58529#GAGGTTCA/2	BETA290_P639838075	76.2	21	5	0	37	99	1	21	1.1e-02	33.5
FCC21WPACXX:1:1101:10470:58975#GAGGTTCA/2	P640819942	44.4	27	15	0	5	85	688	714	8.2e-01	27.3
FCC21WPACXX:1:1101:10527:58836#GAGGTTCA/2	DELTA105_P638024667	78.1	32	7	0	99	4	2	33	7.4e-10	57.4
FCC21WPACXX:1:1101:17255:58877#GAGGTTCA/2	ACTINO105_YP_832454-NC_008541	64.5	31	11	0	99	7	94	124	2.5e-05	42.4
FCC21WPACXX:1:1101:16673:59032#GAGGTTCA/2	BETA226_P637427130	35.5	31	20	0	94	2	139	169	2.4e+00	25.8
FCC21WPACXX:1:1101:6707:59278#GAGGTTCA/2	GAMMA72_P637605490	40.7	27	16	0	88	8	152	178	6.3e-01	27.7
FCC21WPACXX:1:1101:5579:59533#GAGGTTCA/2	FIRM54_P639670347	60.7	28	11	0	6	89	95	122	1.6e-04	39.7
FCC21WPACXX:1:1101:7057:59525#GAGGTTCA/2	FIRM49_P637796345	47.8	23	12	0	20	88	59	81	2.4e+00	25.8
FCC21WPACXX:1:1101:9188:60850#GAGGTTCA/2	DELTA74_P637126612	82.1	28	5	0	16	99	28	55	4.1e-08	51.6
FCC21WPACXX:1:1101:20149:60770#GAGGTTCA/2	FIRM75_P639665405	57.6	33	13	1	99	4	68	100	3.9e-03	35.0
FCC21WPACXX:1:1101:12386:61082#GAGGTTCA/2	BETA180_P637937178	86.7	30	4	0	3	92	40	69	1.2e-12	66.6
FCC21WPACXX:1:1101:15184:61059#GAGGTTCA/2	GAMMA99_P641636275	40.6	32	19	0	98	3	39	70	1.0e-03	37.0
FCC21WPACXX:1:1101:7872:61315#GAGGTTCA/2	ACTINO100_GEBA2500931025	40.0	30	18	0	2	91	20	49	9.7e-02	30.4
FCC21WPACXX:1:1101:8889:61341#GAGGTTCA/2	BETA151_P637941776	63.2	19	7	0	57	1	407	425	1.4e+00	26.6
FCC21WPACXX:1:1101:16877:60072#GAGGTTCA/2	CYANO452_C643482971	72.0	25	7	0	1	75	255	279	3.2e-05	42.0
FCC21WPACXX:1:1101:12047:60289#GAGGTTCA/2	THERMO498_P641301987	76.2	21	5	0	100	38	95	115	4.7e-04	38.1
FCC21WPACXX:1:1101:13717:60366#GAGGTTCA/2	YP_001623817-NC_010168	45.5	22	12	0	1	66	71	92	1.4e+00	26.6
FCC21WPACXX:1:1101:15702:60337#GAGGTTCA/2	CYANO491_C637774952	44.0	25	14	0	10	84	51	75	2.4e+00	25.8
FCC21WPACXX:1:1101:7907:61936#GAGGTTCA/2	BARIO131_P640511211	68.8	32	10	0	99	4	700	731	9.1e-08	50.4
FCC21WPACXX:1:1101:13923:61835#GAGGTTCA/2	P637671995	41.4	29	17	0	100	14	78	106	1.4e+00	26.6
FCC21WPACXX:1:1101:20912:61766#GAGGTTCA/2	BETA226_P637946805	56.0	25	11	0	15	89	165	189	2.3e+00	25.8
FCC21WPACXX:1:1101:7839:62142#GAGGTTCA/2	BETA151_P641664510	93.5	31	2	0	99	7	240	270	7.9e-12	63.9
FCC21WPACXX:1:1101:6630:62473#GAGGTTCA/2	DELTA122_P637483479	63.3	30	11	0	6	95	15	44	8.2e-06	43.9
FCC21WPACXX:1:1101:11191:62346#GAGGTTCA/2	ALPHA78_P641337343	72.0	25	7	0	13	87	48	72	4.2e-05	41.6
FCC21WPACXX:1:1101:13671:62413#GAGGTTCA/2	P640771829	71.9	32	9	0	100	5	316	347	1.0e-06	47.0
FCC21WPACXX:1:1101:1055:62604#GAGGTTCA/2	DELTA104_P640843426	44.0	25	14	0	84	10	87	111	1.4e+00	26.6
FCC21WPACXX:1:1101:11463:62831#GAGGTTCA/2	ALPHA40_P637931182	60.7	28	11	0	16	99	172	199	4.2e-05	41.6
FCC21WPACXX:1:1101:17774:62990#GAGGTTCA/2	ALPHA36_P637628306	54.8	31	14	0	3	95	32	62	2.9e-03	35.4
FCC21WPACXX:1:1101:18061:62766#GAGGTTCA/2	FIRM75_P637618480	56.0	25	11	0	11	85	77	101	1.5e-02	33.1
FCC21WPACXX:1:1101:3557:63071#GAGGTTCA/2	ALPHA44_P640950854	37.0	27	17	0	6	86	56	82	1.6e-01	29.6
FCC21WPACXX:1:1101:19153:63056#GAGGTTCA/2	BARIO79_P640761473	48.4	31	16	0	5	97	18	48	3.9e-03	35.0
FCC21WPACXX:1:1101:5862:63429#GAGGTTCA/2	BARIO169_P637411168	76.0	25	6	0	77	3	69	93	8.2e-06	43.9
FCC21WPACXX:1:1101:14304:63610#GAGGTTCA/2	BARIO191_P642724280	80.6	31	6	0	96	4	31	61	2.0e-10	59.3
FCC21WPACXX:1:1101:15892:65047#GAGGTTCA/2	FIRM81_P639311054	61.3	31	12	0	98	6	610	640	6.3e-06	44.3
FCC21WPACXX:1:1101:6002:65507#GAGGTTCA/2	FIRM76_P640496621	93.1	29	2	0	93	7	8	36	8.2e-09	53.9
FCC21WPACXX:1:1101:12157:65522#GAGGTTCA/2	ALPHA110_P641327391	50.0	32	16	0	97	2	43	74	2.0e-02	32.7
FCC21WPACXX:1:1101:18576:64053#GAGGTTCA/2	ARCH67_P640869470	52.2	23	11	0	85	17	42	64	3.7e-01	28.5
FCC21WPACXX:1:1101:5802:64372#GAGGTTCA/2	ARCH23_P637957846	55.6	27	12	0	16	96	108	134	2.3e-03	35.8
FCC21WPACXX:1:1101:9397:64463#GAGGTTCA/2	BETA226_P637680920	65.5	29	10	0	89	3	270	298	2.0e-07	49.3
FCC21WPACXX:1:1101:20810:64996#GAGGTTCA/2	CHLAM180_P637045971	84.8	33	5	0	100	2	97	129	2.6e-10	58.9
FCC21WPACXX:1:1101:15902:65842#GAGGTTCA/2	ACTINO91_NP_854399-NC_002945	58.8	17	7	0	96	46	10	26	1.1e+00	26.9
FCC21WPACXX:1:1101:15822:65960#GAGGTTCA/2	DELTA102_P643538576	58.6	29	12	0	12	98	3	31	3.1e-05	42.0
FCC21WPACXX:1:1101:19690:65970#GAGGTTCA/2	ACTINO99_YP_872072-NC_008578	33.3	30	20	0	3	92	268	297	2.3e+00	25.8
FCC21WPACXX:1:1101:2718:66055#GAGGTTCA/2	GAMMA22_P640901765	87.1	31	4	0	98	6	49	79	6.5e-11	60.8
FCC21WPACXX:1:1101:11127:66440#GAGGTTCA/2	GAMMA72_P640803362	65.5	29	10	0	12	98	768	796	2.2e-06	45.8
FCC21WPACXX:1:1101:19975:66475#GAGGTTCA/2	CYANO265_C637313685	39.3	28	17	0	12	95	133	160	1.4e+00	26.6
FCC21WPACXX:1:1101:15977:66596#GAGGTTCA/2	GAMMA72_P639856217	41.4	29	17	0	89	3	119	147	3.6e-01	28.5
FCC21WPACXX:1:1101:5575:66814#GAGGTTCA/2	ARCH34_P638192648	39.3	28	17	0	85	2	136	163	1.4e+00	26.6
FCC21WPACXX:1:1101:7196:66800#GAGGTTCA/2	ALPHA54_P637029619	44.0	25	14	0	10	84	433	457	1.1e+00	26.9
FCC21WPACXX:1:1101:9469:66940#GAGGTTCA/2	CHLAM171_P637501311	75.9	29	7	0	12	98	75	103	2.0e-07	49.3
FCC21WPACXX:1:1101:18964:66970#GAGGTTCA/2	P643700255	93.8	32	2	0	3	98	22	53	3.2e-10	58.5
FCC21WPACXX:1:1101:20157:66864#GAGGTTCA/2	GAMMA43_P637054682	100.0	17	0	0	100	50	51	67	5.5e-05	41.2
FCC21WPACXX:1:1101:16432:68071#GAGGTTCA/2	P639655030	53.1	32	15	0	2	97	73	104	1.6e-04	39.7
FCC21WPACXX:1:1101:15444:67428#GAGGTTCA/2	ARCH96_P641276265	52.2	23	11	0	86	18	20	42	1.9e-02	32.7
FCC21WPACXX:1:1101:9781:67561#GAGGTTCA/2	SPIRO98_P643692908	54.2	24	11	0	14	85	128	151	1.4e+00	26.6
FCC21WPACXX:1:1101:11929:67879#GAGGTTCA/2	P637678778	97.0	33	1	0	99	1	4	36	4.2e-13	68.2
FCC21WPACXX:1:1101:16926:67776#GAGGGTCA/2	ALPHA43_P641528811	72.4	29	8	0	12	98	175	203	1.1e-05	43.5
FCC21WPACXX:1:1101:10064:69571#GAGGTTCA/2	P639655030	90.6	32	3	0	99	4	238	269	1.4e-13	69.7
FCC21WPACXX:1:1101:10397:69707#GAGGTTCA/2	GAMMA110_P639798556	57.9	19	8	0	11	67	59	77	2.8e-01	28.9
FCC21WPACXX:1:1101:7146:69932#GAGGTTCA/2	BETA182_P637692609	85.7	28	4	0	10	93	156	183	6.3e-09	54.3
FCC21WPACXX:1:1101:9263:70172#GAGGTTCA/2	ALPHA23_P638130206	50.0	22	11	0	92	27	808	829	2.3e+00	25.8
FCC21WPACXX:1:1101:17350:70127#GAGGTTCA/2	ALPHA15_P637671977	57.7	26	11	0	2	79	97	122	3.9e-03	35.0
FCC21WPACXX:1:1101:4281:70424#GAGGTTCA/2	FIRM59_P643869973	72.4	29	8	0	99	13	70	98	1.0e-06	47.0
FCC21WPACXX:1:1101:15063:68791#GAGGTTCA/2	GAMMA72_P637733878	55.6	18	8	0	47	100	531	548	1.8e+00	26.2
FCC21WPACXX:1:1101:10077:69134#GAGGTTCA/2	BARIO79_P640761473	70.0	30	9	0	9	98	608	637	2.6e-07	48.9
FCC21WPACXX:1:1101:10745:69120#GAGGTTCA/2	BETA248_P640449565	70.6	17	5	0	78	28	224	240	3.7e-01	28.5
FCC21WPACXX:1:1101:16997:69021#GAGGTTCA/2	BETA276_P643700260	80.0	30	6	0	7	96	16	45	5.3e-08	51.2
FCC21WPACXX:1:1101:13308:70371#GAGGTTCA/2	ARCH4_P638207081	34.5	29	19	0	92	6	80	108	3.6e-01	28.5
FCC21WPACXX:1:1101:15148:70416#GAGGTTCA/2	ACTINO79_YP_001623922-NC_010168	48.4	31	16	0	98	6	578	608	1.6e-04	39.7
FCC21WPACXX:1:1101:17905:70322#GAGGTTCA/2	BARIO79_P637149046	65.6	32	11	0	98	3	627	658	2.6e-07	48.9
FCC21WPACXX:1:1101:18710:70384#GAGGTTCA/2	CYANO265_C640161282	46.2	26	14	0	99	22	36	61	1.8e+00	26.2
FCC21WPACXX:1:1101:16543:70674#GAGGTTCA/2	CHLAM174_P637501314	66.7	30	10	0	99	10	100	129	1.0e-06	47.0
FCC21WPACXX:1:1101:21150:70659#GAGGTTCA/2	THERMO490_P642488581	48.3	29	12	1	2	79	74	102	1.3e-01	30.0
FCC21WPACXX:1:1101:6551:70999#GAGGTTCA/2	P642686929	71.9	32	9	0	100	5	48	79	2.4e-08	52.4
FCC21WPACXX:1:1101:14509:71037#GAGGTTCA/2	P641555622	75.0	32	8	0	98	3	30	61	8.8e-08	50.4
FCC21WPACXX:1:1101:7706:71310#GAGGTTCA/2	BARIO79_P642654494	71.4	28	8	0	13	96	614	641	5.0e-06	44.7
FCC21WPACXX:1:1101:20342:71636#GAGGTTCA/2	ARCH9_P638192639	47.6	21	11	0	81	19	73	93	3.7e-01	28.5
FCC21WPACXX:1:1101:1140:72240#GAGGTTCA/2	BETA304_P639850029	44.8	29	16	0	12	98	38	66	2.3e+00	25.8
FCC21WPACXX:1:1101:3066:72636#GAGGTTCA/2	ALPHA23_P641257611	42.9	28	16	0	88	5	69	96	1.8e+00	26.2
FCC21WPACXX:1:1101:19979:72537#GAGGTTCA/2	ACTINO107_GEBA2500941318	94.7	19	1	0	44	100	109	127	2.1e-04	39.3
FCC21WPACXX:1:1101:7049:72898#GAGGTTCA/2	FIRM50_P643716107	51.7	29	14	0	94	8	71	99	3.9e-03	35.0
FCC21WPACXX:1:1101:11642:73194#GAGGTTCA/2	ARCH4_P640108928	40.0	30	18	0	90	1	132	161	6.3e-01	27.7
FCC21WPACXX:1:1101:15111:73138#GAGGTTCA/2	BARIO244_P640758973	90.0	30	3	0	9	98	202	231	8.5e-11	60.5
FCC21WPACXX:1:1101:15771:73200#GAGGTTCA/2	GAMMA72_P639856217	81.2	32	6	0	99	4	720	751	2.2e-09	55.8
FCC21WPACXX:1:1101:17664:73056#GAGGTTCA/2	ACTINO79_GEBA2500891571	43.8	32	18	0	97	2	338	369	1.1e+00	26.9
FCC21WPACXX:1:1101:8834:73373#GAGGTTCA/2	BARIO171_P638073135	73.3	30	8	0	96	7	129	158	3.4e-07	48.5
FCC21WPACXX:1:1101:10038:73287#GAGGTTCA/2	EPSI201_P640949146	80.0	15	3	0	54	10	4	18	1.3e-01	30.0
FCC21WPACXX:1:1101:14511:73446#GAGGTTCA/2	BETA226_P640448397	46.4	28	15	0	3	86	197	224	1.4e+00	26.6
FCC21WPACXX:1:1101:19414:73327#GAGGTTCA/2	BETA237_P637678770	93.9	33	2	0	2	100	27	59	1.9e-13	69.3
FCC21WPACXX:1:1101:3607:73863#GAGGTTCA/2	CHLAM194_P641533852	63.0	27	10	0	99	19	11	37	9.4e-05	40.4
FCC21WPACXX:1:1101:5633:73865#GAGGTTCA/2	FIRM58_P637539630	62.1	29	11	0	14	100	21	49	5.5e-05	41.2
FCC21WPACXX:1:1101:11066:73939#GAGGTTCA/2	ACTINO102_GEBA2501562806	75.0	32	5	1	90	4	217	248	6.9e-08	50.8
FCC21WPACXX:1:1101:9972:74046#GAGGTTCA/2	BETA166_P640090549	84.8	33	5	0	100	2	70	102	1.0e-11	63.5
FCC21WPACXX:1:1101:15283:74055#GAGGTTCA/2	DELTA29_P637482132	50.0	24	12	0	79	8	216	239	1.1e+00	26.9
FCC21WPACXX:1:1101:9137:74362#GAGGTTCA/2	BETA226_P637942091	83.3	30	5	0	99	10	758	787	2.4e-08	52.4
FCC21WPACXX:1:1101:17333:74681#GAGGTTCA/2	FIRM54_P640155774	91.3	23	2	0	30	98	1	23	4.8e-06	44.7
FCC21WPACXX:1:1101:1795:74803#GAGGTTCA/2	ALPHA23_P640951164	47.8	23	12	0	82	14	400	422	2.4e+00	25.8
FCC21WPACXX:1:1101:6662:74957#GAGGTTCA/2	THERMI118_P637498982	40.0	25	15	0	82	8	42	66	2.4e+00	25.8
FCC21WPACXX:1:1101:9098:74905#GAGGTTCA/2	BETA166_P643880415	97.0	33	1	0	100	2	9	41	2.6e-15	75.5
FCC21WPACXX:1:1101:15910:74860#GAGGTTCA/2	ARCH87_P640468187	45.8	24	13	0	73	2	224	247	2.4e+00	25.8
FCC21WPACXX:1:1101:19771:74845#GAGGTTCA/2	P637323716	53.3	30	14	0	98	9	94	123	2.6e-04	38.9
FCC21WPACXX:1:1101:1829:75462#GAGGTTCA/2	P642582105	65.4	26	9	0	1	78	77	102	7.9e-04	37.4
